341894 380092
311242 65524
1989 308114
58636 344879
81435 87937
127788 212608
423861 321746
188854 283069
267858 165266
401726 355750
268999 482749
326550 199015
123457 298031
73795 302897
107913 450669
358985 172451
289041 313046
25206 76105
319123 151021
188683 349169
121346 312049
203270 488805
158315 301147
430685 136599
61657 7517
341523 379619
259862 269864
456496 400682
464139 267223
95207 32011
425870 197163
407713 115862
359287 181260
189657 442062
440813 256106
325986 11606
459279 357318
161214 462619
443186 485348
360223 382948
286524 137508
263069 359479
78373 144404
446526 440052
289326 428774
307672 356801
488812 335949
280731 465437
95324 249078
357054 72896
484002 167057
122045 238438
187697 454900
233286 305721
288607 261783
197427 201937
264917 315093
74523 182414
207647 253558
121519 118598
276535 129076
141852 410253
174484 368032
306228 327889
208778 410069
13150 108038
8383 107194
50693 135717
184887 477102
48846 130669
395073 461914
276554 361897
150131 146245
317475 365275
402292 35406
148943 445331
457747 384709
57227 273964
406834 98434
58688 137612
225458 241956
466848 267122
347525 164481
40726 206759
161820 297487
62876 483058
157057 6179
68243 438050
2819 111700
495837 75646
236734 275436
439271 172527
446945 94544
336528 313326
118102 347969
236181 2843
59721 419571
209801 93485
49271 390540
264921 463499
75741 8718
19500 422118
416170 165327
146496 477730
87008 285079
428592 419735
74030 448604
268629 381134
463105 239038
262985 305768
382687 18928
411733 495828
89035 439158
29182 368757
24319 23768
178297 128732
157017 497493
468439 229578
139809 287508
433543 176333
297987 246799
338471 198584
74949 102821
169028 357935
121764 386803
297207 422569
77295 190172
148843 84982
43260 258884
66287 138516
44863 114927
210780 462141
223285 488262
173947 265907
378588 284052
366045 25391
465752 277690
417717 3976
374588 277091
162704 60170
262653 178742
207607 27068
478307 137888
71778 11287
216632 96706
53413 361931
348304 78537
128529 46633
70610 387778
118743 335207
350315 373944
95509 280387
401383 465702
268360 479116
367128 245028
205700 14334
235795 39434
9586 112880
338677 403074
143824 492972
61098 337604
323706 24832
88385 106388
206537 193286
213261 474145
63341 289794
215419 408025
498801 341139
392695 338440
384885 378452
3196 459287
292741 116394
375193 430228
46234 294810
267626 339820
149646 279568
267061 337914
128312 59648
32634 450531
35819 163606
8702 486396
277751 388145
79224 389310
261028 82426
315763 80313
414158 113369
185156 437639
13907 348837
493869 137577
370266 454323
454647 88692
159847 475623
22683 148431
197352 344197
335043 16530
214279 268036
86488 465479
161976 307661
239821 433167
228191 144779
