24258 457919
101868 388188
498709 27889
318196 258413
443006 244605
343037 148390
183911 443134
231998 189539
303944 15997
374072 386604
445861 496285
128789 150486
118570 403826
16880 279046
331540 343858
138260 283520
92044 127851
185254 66545
103498 277631
2615 444757
191956 53700
357707 221246
340421 156586
251491 202886
432353 79044
432793 46289
58757 435440
240753 15515
142421 453860
116174 435750
197191 480528
304390 321770
284932 288131
434284 492698
451187 85255
373982 85258
240943 163975
490199 71114
413205 484137
387940 372622
318530 39642
106171 385853
470050 359884
467156 427712
102910 126235
71525 153474
430472 115735
45920 377162
323541 438342
101522 401366
150361 20272
344652 111918
493157 318526
123076 483175
21986 432360
368322 128620
435290 358315
496162 496606
297023 77161
100926 482572
395028 235606
444748 321862
457350 297545
94182 399887
261467 119566
54587 81704
231798 383042
10460 282778
431514 333766
348431 424185
103441 419831
46877 306897
424945 163218
341235 26356
382253 52442
35952 362316
90005 331013
233991 400025
458779 73032
158566 482249
148855 190136
480333 267099
477117 235718
365650 141202
440050 239835
305966 181446
10545 231370
388933 214989
399128 90115
394989 317602
393512 262541
171296 200517
141383 96095
185396 290274
322886 225979
95725 374447
329878 453312
19274 191918
95698 82183
78750 96968
162948 1939
415583 289276
243359 311016
188311 275078
221386 379290
401972 47807
399815 144552
149569 265982
310304 444980
215804 38127
358977 112214
472842 13243
234236 449808
180275 473604
233843 258211
413188 318090
356428 300004
208702 470082
414908 491094
19028 109101
345423 326431
124635 314019
261988 30135
35909 166674
183252 155049
371815 120391
117032 446987
447561 369079
492688 341585
494181 350281
132668 492077
332383 69452
73289 276849
229566 266016
232015 237412
195282 54981
425794 35802
246698 28813
444913 107971
248024 352397
394782 446600
311089 234183
31323 178768
20869 217800
14223 344590
259027 82329
408756 9270
319821 43481
354115 187292
114038 454567
25986 9228
25876 354726
213679 463831
66915 282510
158446 468537
13875 472995
10289 22362
81617 13354
161776 331723
138312 315268
119143 325824
459155 212736
490065 81574
58064 481013
159481 184805
140952 448537
249573 495741
41333 127661
298632 32680
101040 67472
127542 258366
108082 407441
437004 417889
340267 326378
49890 461777
489878 453608
261722 209375
175563 2778
211758 228630
218725 456614
240442 335481
428676 367008
304400 23292
410320 282553
163778 236304
411085 158332
271627 150909
345513 109838
370630 93257
469479 493815
493827 263012
42556 379519
417436 361556
65815 8341
366545 455495
282286 374242
45819 85334
404651 374766
116781 334164
467268 351343
139927 145170
39287 137008
273845 86153
318047 94382
117256 450262
264500 418321
112742 99948
184122 159139
212993 5457
50070 122800
51641 97021
67893 26003
198264 278866
41033 369631
5363 221406
21328 4582
199621 477738
122762 179020
435585 422418
322834 76931
202215 154674
208705 33675
160372 151947
162153 188729
466381 135813
432584 116819
339803 71527
338568 273398
276102 13133
7730 478753
294509 115753
81734 468303
87395 37747
174450 84176
150320 111339
147110 297770
296596 420781
426249 94142
26678 42775
174034 466863
23002 353858
159267 313828
26389 309728
75567 377994
31043 365146
483733 411712
247644 268075
473894 191528
360404 45993
245760 458957
398278 477416
150112 47747
240001 414679
42544 484859
106969 177814
130109 194869
96230 203469
240816 118078
386753 357061
61025 122873
352692 323522
170931 80030
452781 427567
36789 124085
210464 148431
362217 230101
166049 213048
233297 92429
431413 214870
26576 214703
33197 53368
365283 158033
315597 176157
474744 355447
400811 273729
132144 229760
425929 79030
376684 57650
385112 162842
154566 341149
126896 418606
413430 234178
317489 306694
64794 390325
70861 417597
140798 266971
290278 31934
345178 214832
241627 297057
198128 20913
464097 122168
157186 28390
438745 403656
67737 411519
493875 177863
114057 121664
20115 86845
221140 266207
423158 495153
48661 323537
78595 442377
144175 458475
90783 388013
279070 365014
239798 187707
371263 78657
277821 178264
211576 458180
43396 472849
224527 310028
76171 478594
273328 112809
214296 102689
462439 496431
43716 418862
196907 361484
49981 147808
180075 88041
275955 366621
275409 317798
408869 342775
496026 413222
255841 57303
420572 188515
83230 85933
498194 28070
475743 206952
336419 106480
180043 279234
253290 86823
28316 330927
199938 113390
64816 267
395501 202633
189050 269011
217179 479798
246902 277523
6461 439686
59870 481654
396511 458497
226581 19669
435327 476293
397822 215036
293228 211351
498275 406413
279516 212003
139009 496128
142238 86102
230129 166572
319862 461006
326734 391531
212350 140546
357395 329788
127608 124435
387281 377686
345380 157797
203067 194044
330111 83310
465874 207349
97232 100646
194481 231623
102205 453304
75680 72679
484269 77825
10713 128532
360361 177260
180735 93986
200903 108280
261322 436672
51621 11688
32887 240774
182464 358186
498665 384070
418579 266174
348376 156793
55578 189690
123904 309905
482826 407682
412919 297832
60546 13075
208862 121985
374129 58060
191446 216121
203852 99135
346489 299503
376542 472171
326675 23852
130258 192230
462328 291927
387414 167880
349326 314513
368068 125310
146567 253736
135358 419613
132020 109322
486918 29881
48845 256061
272514 349704
35412 214839
451074 301141
172772 47015
377356 449323
193874 172405
355234 306429
496114 90784
325405 468317
495154 107502
110646 146821
55225 478153
152548 232513
498592 470245
234176 164895
385875 496066
296130 211725
422006 300794
490154 411912
260557 310538
266209 174167
252947 81867
274639 469587
178916 411240
354310 444301
59000 97413
63779 426710
387807 375093
220664 285029
232905 492383
341880 128440
187171 161963
340154 117063
481214 128523
412328 129821
216410 251439
260250 83911
109034 403839
323566 450201
356222 270004
337557 348473
58206 357370
139329 94384
490225 321808
15367 72474
437826 95929
70728 480297
21818 456359
62858 7832
473659 103342
356136 132565
129843 237680
18641 178337
487491 158824
294693 435690
272932 2451
250814 68931
187985 90387
360699 67072
237155 65008
101600 168042
301194 95856
383364 437168
161661 225949
450257 336640
140143 416301
227077 370566
489728 215822
487506 62200
59747 44517
225272 143742
376593 71670
232532 85616
198268 251386
136945 495078
263523 286372
127551 449488
391342 375133
188215 464095
273381 66977
10482 373461
285521 335239
329945 3864
305276 232797
473313 87667
490132 269931
450469 40090
382657 270833
267782 194419
249713 323641
322809 98181
229047 452104
59483 75912
368403 323157
212489 427233
88976 337377
143427 242851
109851 55477
448731 453567
427893 496417
345819 71045
103256 55287
163153 429987
426705 189593
299394 196482
299040 327672
8920 386296
322416 210062
489667 235609
64163 461813
216618 135372
121136 350510
149514 154449
390849 66718
267507 230597
401674 191448
52856 358496
151587 101748
74704 331412
275697 247255
239631 302056
396326 334196
210697 334843
51139 477722
1845 168814
24899 419739
290985 2298
151276 211689
142054 48466
133843 459353
349569 173110
32238 183236
8860 110751
427935 459192
470822 255417
417490 455045
470952 152300
41144 156040
425041 303051
252836 186154
84064 212806
174816 466868
399806 303704
201499 49514
20947 186171
15293 49311
28691 428404
392846 432090
407224 263916
491198 64169
282185 315110
401339 330234
107388 433143
495265 25670
447335 234937
379949 172020
276636 273244
436741 436441
143098 317842
376837 271575
288307 339049
293736 219679
330452 28189
139560 435697
360810 334880
256731 312527
147245 211626
46389 14926
435921 300159
347939 178229
469012 353340
473479 98473
187309 174354
371149 25104
452889 86346
407569 97675
32366 170382
466334 461575
367613 189457
428343 350070
395339 30882
132386 140272
377312 175282
27984 51359
213477 27223
297532 91143
113899 297076
163695 477373
305732 28707
237200 447787
46163 17609
205108 170727
278310 241702
79004 397331
11884 301409
237009 257741
271226 262274
137989 31421
153528 340686
160739 284169
263104 432515
300565 329628
104044 8597
67746 141284
266680 484589
243429 241475
370560 216083
229990 369139
241578 439778
14058 39374
227573 103002
164137 37001
484897 445931
166690 459225
277555 346804
424077 373464
48515 250378
372916 382595
414673 306336
336058 419257
344784 471437
53809 310416
388641 200528
45439 281688
289981 68960
157186 64381
382052 490528
215829 229380
171665 373923
411151 325427
295329 67894
469128 193500
409276 499836
7077 88849
349751 392789
104577 393299
69755 437504
209113 198857
180368 295814
80940 248637
28806 126991
241528 350838
14922 394062
495940 470894
63803 227245
285189 184763
186458 187821
128364 279096
484726 175904
12072 347718
190072 271132
89736 122462
82633 35072
465743 484258
489126 448568
26127 90803
321339 31404
47556 358918
381293 1761
182400 276202
272569 115591
38908 195305
139718 9687
284453 60882
379807 103114
87711 159053
108619 284601
96382 187699
179925 203236
142892 492649
283979 151538
79657 61588
24439 68103
85209 145287
252648 405808
380056 78131
217250 467541
486293 125988
279179 406344
323062 327332
457470 440668
262749 125854
175273 407651
183412 6770
174288 43722
30547 225200
458331 42834
394843 444918
193035 36095
150170 362009
377682 73700
461368 162848
417667 127173
178598 87453
465309 74337
166145 48628
195940 161008
235012 342374
113139 476113
289191 29039
19983 53744
149736 47771
304544 427951
26581 326081
293960 394696
51907 460571
188663 314155
326370 486402
492712 417820
92621 434707
177102 460442
113924 385613
138578 314546
473328 483796
311248 326243
298669 495893
272555 103254
92185 317970
383352 172410
234709 236801
341221 261297
102783 338926
462606 61715
296029 89130
442969 491648
198610 430117
496680 10434
300627 472154
98406 253534
219100 485650
19131 383670
401870 17619
292713 92985
183237 376066
157232 2624
148127 490201
229637 84159
406893 331552
406931 456956
86928 225621
31475 189442
55091 389624
415502 298610
301289 421847
314006 101725
180273 13963
391690 120722
100045 406184
395542 386440
209844 252156
371531 213349
118647 11271
77054 312432
465797 407418
366927 436744
436605 424189
239709 284802
84553 129948
91752 192623
159778 130492
68081 202582
452318 245019
81876 393180
47852 435942
17308 337829
417016 255358
245708 499841
122734 239855
210218 188548
87906 453614
467007 2054
5544 81326
444631 94806
257322 21758
402582 396390
123663 25115
47221 289991
66050 243989
130878 279995
205570 397044
210136 402877
260071 46837
422857 423758
381744 220268
442071 23479
180921 403064
389947 444357
55721 325255
113938 288332
427668 298382
234964 177724
403879 210581
276955 434142
246562 274369
213937 299678
210050 248318
455241 14397
101317 494201
12078 114618
279152 366816
390939 443173
41810 265412
479809 294032
348550 194381
16450 88153
266050 185479
296371 28448
497132 312159
140593 383233
486805 443250
206616 71454
4136 139250
74237 114073
294511 53466
200872 463752
377162 122965
25814 21296
344640 283818
172653 188666
169087 298103
124739 436919
457864 182219
23588 155244
299060 362369
110171 96140
206567 319173
341848 120707
170447 347237
226953 488388
154657 297318
499324 455203
463855 417993
372492 443313
184911 8759
261476 67927
296229 166001
242479 353159
363054 3466
403081 61640
98961 284047
27925 478852
288372 190390
372263 28515
256022 265343
193264 480039
126984 327302
446429 56012
350435 350262
154535 367520
227325 231478
154262 146065
106310 119168
443897 461355
331429 262367
445724 13579
334318 464571
488291 196009
363334 356510
452669 186604
370278 2745
216613 266215
375760 327135
480987 334178
443800 115672
448406 197410
353770 465254
200497 26709
183993 387880
222123 75560
341155 10594
5643 457312
138502 78556
382050 65464
104789 304924
492277 54427
129263 209999
258113 311563
378505 219017
335430 180185
98670 340260
87051 337720
56464 35439
483590 491827
338602 419963
339413 2617
428870 100371
318928 122368
101126 231184
341703 269524
399706 237342
454224 495198
65217 290519
71232 251146
332015 475914
436147 318798
106732 205921
496806 10416
179793 206103
7967 299891
199329 240196
244589 8494
19286 437476
331714 335826
213523 231951
322793 428172
338952 261053
338265 328721
53157 429755
171540 380019
425081 191565
75664 90875
123961 167629
460344 88262
48994 342827
287624 10886
447752 148061
115298 185037
389769 268164
215221 40162
13962 68166
485626 146979
43979 250304
458926 151071
403458 395588
302618 9660
426247 377679
157962 184357
384589 412935
158792 270850
185588 430227
235578 395581
151036 18265
100901 220098
164252 372829
108835 208949
28090 227407
366656 126252
179974 325175
129478 389191
228306 209034
428544 489078
161608 430642
103726 19197
494008 144608
211697 388060
448551 27603
139148 337630
442256 360449
321663 133510
486913 370194
209614 18803
340586 289188
293363 19962
475875 145459
367220 374529
412208 290387
494034 55256
452071 411263
352227 442965
245861 488988
306593 485435
64668 294862
273216 409601
15922 56766
440172 372532
12286 272181
109596 349781
236533 424170
8765 208598
5059 414739
192483 329673
248802 163809
384805 164526
185931 180282
364653 100523
112106 87652
477582 276194
107540 173989
122576 363161
391992 377118
339968 195128
80925 220710
324390 470087
86087 357362
19894 50929
241761 471263
232283 337156
287652 10283
3776 73114
306484 452764
42353 284642
130787 348352
305620 410207
375310 202016
361528 183835
51912 286500
367665 310286
438859 379106
14402 438614
156457 7750
327158 266264
429700 476509
411263 346174
101159 232240
230016 262974
57039 51073
210637 435465
141733 150277
26198 378783
126800 130364
92104 191224
12114 453292
446784 120613
45381 106878
27146 3672
408183 141303
48997 319552
430072 429552
394065 157755
267740 112769
246091 438825
479377 448893
354472 172424
396278 460410
139930 293
14669 62645
284966 243089
368129 497311
203784 158938
164563 189169
207640 282448
28885 255790
228392 151664
283119 204246
441315 394226
498443 176689
65388 357383
352093 74767
329738 298123
204683 234412
47523 386824
123269 73395
479343 446094
413648 232689
482905 256515
66638 76637
88056 299272
127155 395670
414670 219341
116488 94319
246844 71369
451868 423710
211944 110627
193199 140442
33753 230451
28829 17370
252113 327112
210664 179265
269774 63308
380016 458507
156736 17937
430270 296551
424899 13108
406484 423279
297751 488327
346509 144698
414857 327303
208196 246354
379952 62439
313100 467431
1894 472713
482428 346209
47682 467830
329662 312895
155648 86092
141196 358973
348153 214600
463876 476631
103288 455172
431534 437924
178802 287069
378538 159196
398505 148758
102492 373157
140513 342664
469589 318283
430533 469062
134347 177428
241013 273342
448103 7689
153437 36338
23109 321761
350716 300804
52105 73472
468657 263682
213153 371009
102461 241927
112389 498531
82251 232561
237257 43709
343015 197766
425333 393953
108758 250590
328600 45221
381434 91319
252150 453436
280627 197473
161864 230728
105905 233435
164879 269045
338464 464622
460642 90925
206506 94092
52178 487454
134024 93357
325820 37416
497132 260950
448166 232372
383405 241621
264174 104458
136239 342320
229957 242098
163667 47440
475009 48665
86265 243075
127582 138180
473329 448245
210020 326732
291382 288734
268218 68985
45765 346029
480721 331146
292782 291795
42789 14192
37716 268746
491754 245010
397783 69966
238452 273899
224340 298801
397948 64605
113716 321441
423931 411165
492148 248057
290941 210083
357492 498243
177528 176071
67063 461896
42227 164620
149491 169633
79109 366978
291937 420924
1638 224800
51304 56982
462493 490583
293468 145265
177547 138286
226706 480317
42776 376610
17923 66752
433832 392064
464151 315926
149418 369864
314308 496779
65303 60947
163493 92401
464120 3491
203184 212358
323230 352667
387869 253033
334391 299089
390186 251187
227771 252119
17121 163297
348072 314910
365288 10129
240878 335086
335357 345937
37244 141387
228765 118138
146897 10546
175199 88463
452098 472452
144931 306538
413149 457547
466269 204844
312790 456221
214452 364361
384018 429449
28760 182033
445478 458032
141295 148796
26246 426708
15739 124272
198775 78549
299096 252948
125870 82380
155119 97199
325297 428778
445668 255754
491083 113840
119718 95397
486131 92590
384520 126726
97547 450869
141175 138202
116196 257055
387787 270955
293737 463375
161485 387428
214145 120279
434062 334806
129894 48911
266932 419181
393025 433533
333186 229328
132418 48370
409629 339860
425840 484246
315324 40616
309094 81571
383388 374547
308903 387705
425977 435913
351332 123996
301086 93912
354497 223086
104336 239957
243197 221089
281113 98101
330319 491830
243850 220827
303027 311476
45674 297724
389232 134028
211877 304466
191029 288593
438438 460551
40408 322004
343971 421449
494053 193539
336355 206796
207785 420146
317711 479259
190008 44880
215259 171622
301082 172787
58660 220595
373897 4100
69940 449367
362070 322803
184032 83704
277757 202280
264855 482725
114329 213316
348406 392660
227884 473815
61789 68064
298731 173143
342280 16725
446772 286395
68437 77386
497922 53927
228701 99650
76427 296331
49969 272598
7484 385557
265981 221489
262157 302749
357928 454976
379095 272036
405673 161267
304465 392127
200522 160054
451233 399451
49447 381532
486671 29439
254725 164704
484442 290739
231922 215441
178088 462359
329168 364403
250290 439007
386360 490866
460218 281815
176154 64541
27294 110385
344252 139733
224326 19235
105363 49846
498191 214385
385881 363894
267119 123249
262807 389501
425314 425800
273989 3857
49100 330771
15853 304360
214482 53425
184553 215148
335150 48286
330989 215275
402709 381663
147364 267954
174432 387310
336388 464617
190848 8102
256164 254870
169236 201761
201355 228032
190044 442196
85089 106903
177267 406120
153148 49426
63966 328062
151832 354360
48517 365791
479526 183280
487608 460191
483241 316995
287632 41094
31114 83932
329175 79804
282113 100142
307109 162039
374590 289339
241247 399449
268532 93506
163424 496524
295466 253324
495353 327195
193515 427645
72442 313382
405945 408964
20109 378156
330889 460818
168726 207082
35534 469092
149573 161918
236882 428504
197935 56448
218967 262363
199392 24532
52788 279616
486418 261505
149324 395740
455564 171713
69191 466964
343054 117586
216800 185693
241931 124391
300251 247493
194423 245075
444862 387677
72592 267304
152139 191728
76773 496652
469732 22520
98055 435138
332866 292187
295148 96659
71471 494599
319516 340439
442284 412111
29571 263826
314616 304615
446038 219744
331770 257891
156872 144757
326869 327315
491341 275917
42390 174641
463980 137077
162872 457722
183208 17887
185882 499417
45762 126743
389672 106074
36591 467841
438168 10775
43184 339290
304340 420521
369503 49173
462211 226870
156746 466791
72294 153554
62124 110804
472840 243573
104096 398293
185064 419635
376386 342946
268821 61199
18957 93053
343825 195982
41314 323750
387825 112245
253595 389558
438741 204268
74122 448784
104197 347098
286643 183934
118074 141153
111717 332442
59744 149425
213226 242917
174307 313607
183552 494294
149989 170895
416646 472392
365681 101946
35296 109228
358146 33453
208737 238297
18937 196414
212455 147079
273228 128158
486607 76053
5158 157025
337553 328778
302003 99140
221268 133643
3892 68975
356412 82098
395246 128629
396624 177117
213265 494697
488667 356741
3353 47181
44526 306078
367353 418473
426271 244295
155039 240251
99795 253227
434285 144495
362857 371817
364648 367827
167142 15569
113785 114523
23728 389219
333891 149800
108526 202621
492795 423024
207582 191762
326388 161817
148284 195174
42889 403856
135393 154138
195759 175087
441515 419269
235828 348124
151220 413448
178268 170949
415687 92201
333602 144853
357682 209096
296586 387955
287511 78932
494788 238453
123402 485934
26311 120115
412766 5880
241593 388316
9341 422059
448711 73651
422995 158876
160749 255161
237220 135137
404702 184844
234404 350300
34624 419472
457243 170933
367917 326502
395356 140158
39329 285828
127096 207549
345000 65507
146393 435521
175687 478171
481067 169896
148048 192583
296660 125069
449638 456193
167485 328562
228676 461419
344242 432936
292139 389806
139517 327801
64382 489963
490842 342991
197341 136765
228940 179083
339260 470640
331006 399014
151294 136826
124389 270700
72851 335826
145009 311256
23529 382270
344783 304033
238385 304151
122748 204409
174180 385600
391821 339077
182321 369095
403574 21612
460241 6688
194997 186701
108449 258869
158396 276489
5908 164062
114534 227471
33161 115133
140454 489703
404948 291446
184592 101965
410528 95105
290797 204030
327474 143359
77534 175077
496179 189390
163862 83878
146586 283887
412074 343907
123385 282949
391906 29791
401182 449111
206791 344073
92737 394599
199127 90933
454632 451240
72054 354457
491175 37037
261230 210019
139716 271202
258838 320964
98716 108294
379051 246068
317756 394209
313699 377333
263900 429105
134244 64527
119499 424987
163949 134603
197497 204601
184865 389212
348386 36232
90263 475602
348884 485339
62564 498888
454498 459603
473577 180873
384697 185524
415380 448005
255356 206440
484019 265717
461033 494090
14334 170929
169789 300280
487494 444146
268111 424238
358783 32778
88174 246371
177649 359323
35245 459740
133101 165429
387765 88594
205889 226461
37491 102083
460069 287925
185541 36266
14938 145464
374447 445033
40181 496872
142299 180980
7679 222005
481026 363298
208092 275167
199377 287650
68132 441261
132124 410071
39375 199559
106682 19307
249509 496665
478668 195230
361461 204358
272631 160893
412450 473622
383113 100360
296796 322996
387750 184277
376240 467680
82382 133949
80475 117609
158955 263856
365435 463291
316523 39824
369336 480815
390082 148390
31835 170659
495590 296850
439484 56982
276919 425888
357834 194386
115709 422718
28014 269015
47914 283854
198265 288448
263073 325553
285587 392802
37664 8969
131049 379727
178333 419602
285133 170402
215032 494598
251376 237059
476162 446437
342670 115454
3405 131953
203916 435428
416344 380389
23323 71086
388929 275243
293666 354370
241042 261884
475337 247881
470826 166586
107842 408552
238964 388924
71784 209192
487359 327821
262803 129132
328425 333047
451356 151885
291888 250057
379494 97174
46927 352258
415010 171528
32089 479229
335485 126690
415671 32151
436620 499302
221763 295154
51540 368838
66171 81161
101693 282972
186338 280794
156989 356485
283786 120909
69275 430960
102375 439755
174209 336059
267487 20291
287481 36617
426704 297032
341792 104088
137419 238094
276777 264504
81039 281050
31105 214623
29202 287058
246113 417317
285681 347663
460622 215161
81931 207435
29353 336596
93878 233210
48417 100345
398122 13959
374926 466398
107998 169322
38662 435324
128324 22625
481384 342061
476978 188922
423705 14900
460135 151242
33642 343382
18089 405097
281799 186781
216516 210009
353374 31801
311676 482455
136833 261756
57668 275188
472505 116352
200115 418726
285028 217892
60696 471948
271502 308458
172784 348678
467693 254719
65766 264065
223885 406154
153789 47071
420170 325753
32383 482068
339594 176100
338774 29869
166472 477779
150650 283051
141815 101018
389215 400805
17951 387445
161034 102243
349533 263156
205631 464181
171915 333406
156422 439871
139655 176425
344030 414956
177257 5475
112767 206032
52440 370890
290511 378330
465061 478432
352593 477588
67247 315282
217233 469722
286959 178924
332321 302449
453730 41646
97597 360234
332245 202394
77054 3052
434559 68056
496894 410219
239515 412282
410152 255421
279395 216883
15798 126175
186348 191702
124512 137293
20437 34327
444404 420909
394600 244266
429789 461306
414593 391337
146183 11884
284987 256552
287129 56809
411023 393893
128814 219428
352387 42360
107152 499908
366312 457363
74329 224691
305646 480102
330222 87253
234053 181773
283940 146876
407482 119410
184946 351502
21263 233331
343118 468680
304908 71200
308986 86924
257352 314813
475860 105758
450474 368332
297447 219927
84126 114961
172185 467405
378680 499991
145210 347886
184447 444148
124382 264868
350888 241153
39185 220150
420093 285049
130550 96634
219426 379630
163073 467787
293439 252284
197007 442786
498567 98735
121754 226215
298686 286597
357233 361046
84885 88387
332303 197658
296572 63481
200557 382794
297390 329318
459848 343463
182934 187524
378123 30272
72402 410914
279856 173175
42266 43181
218938 243601
79628 225872
182736 76719
287160 436570
315175 275529
285912 340150
9634 397116
438472 479438
257047 460032
91549 86879
367461 444224
109207 445007
450098 69811
145777 210095
401295 481941
155496 418029
297933 411662
412737 439706
63006 225624
19969 76698
386384 340892
472242 286414
448648 110719
260441 434891
129849 354300
364968 274286
175952 81332
162064 465172
151381 304408
176783 435935
312430 77667
406254 250084
58058 249118
457977 318278
77857 103200
254177 452524
112358 144192
492711 40703
498166 27484
347976 422747
1943 282566
499271 411028
217947 163155
226541 206854
243814 106245
129277 433188
373255 294969
388418 227548
384396 80995
54672 197800
83994 11592
177227 114267
496698 340780
35149 160421
340053 135365
71581 490305
59065 422171
391367 82124
154173 32392
249851 442571
97331 408621
362975 76249
483129 139112
422378 424188
201701 79623
422124 122848
298390 222977
113644 463554
387317 180335
190872 471038
111150 177609
210194 246709
493383 371116
123544 395829
65644 40670
435213 241335
25220 207554
331892 303033
355011 394809
103804 71005
109907 284412
322974 308794
180467 8269
413478 220500
405983 277822
232411 329600
220710 206874
282574 4108
493944 472509
204114 200793
344237 339785
198584 100457
210835 385444
59753 189057
176994 392286
279582 299264
483507 89259
334531 240525
73209 391955
37375 90853
370880 232134
109612 469101
9340 110142
373726 214881
234365 250624
186026 30733
85431 16329
68724 465732
469227 388207
104191 384986
146924 252416
340714 103396
294374 326023
133102 140439
258522 141356
172458 81363
477703 452706
28203 259691
398969 48232
212310 441454
234922 1139
37569 249824
59524 140494
331545 443427
493973 367477
420853 297357
107634 186291
490914 294896
215640 356575
280776 84120
414220 398075
210508 439896
43427 399831
352532 57688
480431 404817
415830 122310
465701 148911
136829 368381
345127 221445
465593 145511
199504 74910
310024 77775
177380 405877
432590 371530
89889 16038
70178 487881
419057 52243
193708 414357
468523 79569
377680 194982
263204 205810
260435 268519
394558 283341
367752 439552
260864 569
205032 391242
68882 192395
36182 41731
435444 46557
434744 234230
434036 66042
385328 269273
287869 369571
391041 489129
258008 472688
38758 283642
444148 106310
33416 377494
177685 88591
366675 445414
294941 145747
92056 434984
2249 258337
286795 44851
139714 169561
58039 249571
53482 107290
280671 65883
89546 402848
311858 26230
299321 219543
434980 375749
220569 484658
467163 315067
189364 72887
135055 175297
433957 282890
492018 460288
408139 156294
156972 334556
61490 208529
443323 230084
15057 287880
413347 98443
276662 438130
136318 420853
84498 359513
52623 411948
497480 329065
34450 357342
206463 363144
312140 499397
66885 272726
390072 163912
152639 237330
49410 20204
269715 345119
241737 408209
396579 91101
84689 119846
1669 431912
176919 165254
44592 249386
103543 399131
283278 360266
336413 397056
178590 459428
123036 299212
381354 76175
440241 211020
41936 214290
89474 98980
388344 455773
410694 71283
100863 122766
488073 263430
57034 51904
424018 451760
177355 387727
343828 261133
9328 489070
144703 349016
463719 422867
53455 277896
380005 411427
474840 357830
198404 360348
170028 496743
274566 2950
67307 69743
470249 487531
300536 671
306974 202300
314909 311388
33589 413869
185579 299871
23358 407522
387834 159759
304098 360743
79353 263215
292651 304267
237831 15401
383387 269591
224078 434516
433350 441836
454793 164635
47326 479768
42398 418054
178204 173007
14426 106146
407857 47501
120743 208228
213953 321746
487248 46962
452637 115861
471768 49276
301223 456325
75670 408131
249371 393209
210850 419871
413991 184718
303196 69543
323469 290731
484250 271633
349707 121117
166364 436810
404059 259147
158978 351914
358582 107578
60812 196418
281429 499723
355053 295713
187360 75533
494837 404163
340033 383382
270112 157061
69961 109593
357518 448969
28407 364797
242114 472646
340332 168737
385437 33131
402195 380669
42645 397014
145351 291882
492807 499587
85821 306022
12733 377159
459730 320158
161146 316780
117881 128707
344748 49353
81221 270964
253534 9465
494983 201704
132799 154630
409250 495870
229723 118528
282246 133836
5909 480070
397895 340916
161639 99250
192366 455560
485622 494656
211553 7216
437856 384279
480234 335637
223484 93801
306226 253616
251148 33750
28820 409463
240292 201173
156692 342976
346379 133756
436210 494837
417191 464821
11919 447087
232440 111449
457881 293728
54731 66152
76199 490240
316490 248299
160308 101893
97142 458891
120964 124881
479955 493437
435566 169894
304814 446798
346560 110468
204708 295010
318773 85607
41521 216720
276980 156894
300699 289005
286601 97939
437284 287049
386636 469284
67020 474499
479192 499075
10643 400581
336979 304383
383518 317476
343031 349230
361210 226334
429575 67448
221284 136640
43504 209446
99344 421169
111324 20479
145060 3946
127075 494720
369397 285667
194912 247013
266311 417102
33679 436285
127217 134110
11454 268837
241171 42863
179196 129029
4906 153628
468728 113074
160397 322808
202458 96375
375531 471050
53102 128590
179001 246382
301396 331924
321028 228985
305462 396952
396588 481910
78412 302690
205825 468473
425809 74683
224153 308665
245211 36236
2766 184920
460956 384374
2658 248005
126260 382
481156 229128
299010 205943
172886 434316
52913 81031
296779 309312
178835 182693
238570 480404
357414 52584
401997 383340
412286 169099
455843 499311
288777 308488
481396 178618
215748 454629
67129 10170
170811 85566
54260 272656
338108 39217
282703 496426
234826 144657
324386 149885
87371 312701
379187 134577
317031 487725
115342 139249
101559 53113
133706 221678
330383 148272
72627 248826
88034 404763
430433 419979
397781 71975
196712 178528
283624 18367
23053 41420
74564 274053
352454 470604
452833 384854
94811 459816
367549 111116
427121 197818
212465 40118
241499 249040
392434 126641
328867 235922
382989 497239
453539 172401
151573 296116
74513 439661
491997 161521
227385 116905
155749 380651
134463 68664
242810 187119
166183 297040
45497 76341
464707 149589
54234 15777
199338 489190
87170 246857
333188 268648
360388 426449
395642 325847
412145 7104
22760 190631
438312 65731
290473 277103
169841 426041
256495 141912
395586 190806
4591 377137
244742 138078
281845 106244
434784 398986
461053 284838
251953 232939
154647 296424
130783 15591
71503 78452
453732 491205
493871 232791
487836 37509
267341 444291
456029 72519
121108 97411
461104 136580
323600 321690
435327 450387
178242 190063
30603 173614
31295 4118
404559 214031
246290 297037
494955 346994
341808 169216
421389 311608
463620 291435
67163 324032
461960 91934
198074 371697
308727 127278
110180 115975
187625 37082
26661 145224
496586 493468
303826 427327
221349 412687
111620 346663
38203 236516
128570 63019
249963 493847
324917 460254
17207 156365
87697 229206
59894 125577
488965 440658
32304 260426
305165 188522
436433 150822
363824 308037
217803 109072
438033 50772
3392 264052
499728 223579
268989 426360
67549 418092
317480 337130
405616 274043
378724 486267
107907 106946
4863 181976
41475 320255
141294 282099
87468 151642
18602 289132
71408 365625
250408 40233
110727 217465
34439 177764
270259 92247
471877 346217
303792 194617
158495 270033
395143 488935
205338 315611
104110 169404
270195 408913
73683 275837
258365 124169
287179 386207
356917 149423
47229 180120
142627 335335
264313 50484
110361 29380
333686 85269
118873 72042
109037 105561
283200 374704
378838 223545
294793 482193
321976 82382
63906 66266
163739 169462
260428 145583
291970 90718
39887 418462
154884 341294
77306 125221
362316 463408
427388 286375
469009 343809
337059 18864
289945 58302
331572 289531
422908 431125
417383 180471
476276 416508
416222 364767
467620 245379
442419 131352
21274 443965
128795 5290
556 375790
291198 457623
150230 485001
5372 45232
382503 493765
76592 494960
476546 205286
135077 256077
274724 438599
290636 471737
441972 431283
481158 312909
357227 463952
234726 19495
302434 367597
267653 218171
374363 193910
276013 181406
262592 124207
270459 324124
249977 316625
41782 9655
12494 24962
457770 311909
348669 310384
280926 313294
262545 177210
141328 139348
351613 422156
295470 208400
330234 498064
74325 378906
156351 300782
412591 60573
399101 165908
252251 450177
213418 242799
339294 340375
197133 143795
23383 194966
131757 493911
287364 352402
380528 245722
130489 452307
65800 408543
498317 427906
328204 54852
474448 349543
318629 134318
376305 142820
397285 442715
50385 216901
276042 33745
265605 107870
35429 263984
248946 68184
198180 269560
197303 99202
115247 245460
217925 179859
449288 112902
419463 400360
389391 54382
416478 375568
322343 163171
47447 10121
250490 121380
447973 52158
122449 356249
86659 404222
496337 143820
344009 147083
56642 395392
67130 314269
453105 336659
316437 400398
338622 127808
40878 498573
473419 106510
85923 302850
250566 401617
29262 203413
427248 222011
17773 126726
48833 337918
159124 36439
159076 219075
156749 495792
218848 329945
324288 40802
30262 449210
433045 67647
443116 124853
416702 86190
137584 362059
397128 268035
353591 46787
469319 264344
369109 381542
389128 219112
335705 95666
352665 381404
236272 422464
329669 164321
116176 194597
348785 430735
326636 223998
154180 185612
245948 176207
110659 214030
108331 474432
432499 135886
117696 451913
115734 32540
104960 131432
296674 210310
40258 313801
358655 119579
304080 364656
20066 110223
525 185059
144427 201140
472737 351996
356086 160100
21783 245252
259055 297097
115902 10943
398980 268660
357650 305081
472069 433659
164004 470185
320011 124276
411773 1254
122015 122426
285646 437133
32193 355727
480732 291216
260059 217391
249231 252871
29655 59637
320483 259050
432874 420173
280651 244926
2378 288010
21752 497446
279366 286270
437682 6070
245240 357122
489875 418354
191378 447704
23555 90066
275765 274729
463970 263684
203276 18661
329800 37230
281756 230858
468402 3367
317461 488023
326882 175542
10789 339288
392482 19201
286157 107017
343553 232232
59884 181247
113066 280407
476612 417177
225672 485301
18431 283141
215868 269483
14392 397940
439478 493528
426661 343528
351283 405615
63559 297255
142577 357338
471862 1160
156311 481172
206020 340880
196668 256556
467278 403813
162666 339338
385240 39138
426512 136384
4170 384530
204532 34778
21271 256732
42607 14600
249296 214163
50138 103186
443988 36941
110865 437045
400529 116681
39526 438352
89107 211315
330919 74188
339142 221281
233583 63639
37576 67898
497232 273986
63511 16224
48881 253090
158360 458967
39952 432218
101223 361425
384136 23151
143028 167335
60455 390050
24074 463548
352744 288299
200251 131697
194260 74897
159940 181857
79925 66342
481387 342584
493629 272067
413158 381826
137559 210641
390384 196859
42071 39488
212479 406505
127685 204246
85944 86580
260592 409155
131468 380782
456037 450421
411857 139558
369148 85240
142655 391464
397677 206264
499400 272578
311030 30385
144852 52290
42900 445029
383391 335875
4323 354904
281577 69662
47812 217227
487926 222984
75381 136166
307399 282562
216036 172088
175195 85297
144237 12640
251478 334590
388615 126630
395995 37072
216457 417064
258558 297464
202750 351377
357175 161718
405083 269612
440166 18419
290330 473695
159844 239413
65546 132916
278213 76102
317470 438706
448362 195690
196015 392126
360530 281655
63124 384569
177791 88435
94388 148541
420305 111533
488750 223166
115825 431845
479637 25403
410861 309022
276679 304467
41077 305407
324920 289860
309130 455060
69839 40222
375278 431548
71184 384886
254201 279947
15510 29424
454485 228198
278306 433892
89384 490004
59236 42235
72841 258472
300186 491491
112082 137834
351365 158700
301135 327759
20763 213091
119797 299781
261780 378746
245778 205804
265523 296029
3800 226595
74953 167979
115616 228693
360664 394697
277604 421333
70036 486718
150927 99687
260768 400709
375052 10233
152468 108113
296297 434541
419676 420356
295895 244940
368906 290965
195429 213311
203436 182215
180960 278339
237466 488767
128411 317649
498129 179114
427194 380121
251157 434933
252063 11481
178307 329980
134332 58835
226195 336274
377567 426776
326837 83904
439165 9466
79079 306073
390965 473428
328014 262608
294932 5871
441512 356270
405001 247544
38221 415462
41660 183454
4319 474082
311635 490001
432324 76722
48213 134142
368754 238585
484415 143890
56273 265640
115241 269727
280347 478138
449381 154085
129026 475596
20330 433564
472925 128379
184358 189259
293540 100051
295712 338047
172520 26619
291732 346487
454976 18343
89742 120714
66887 453128
211225 166658
449634 83604
96861 171519
317745 183340
461122 277535
315307 10971
365182 334362
131472 82885
15607 353337
294233 89591
304231 33360
383935 61488
374784 387021
160524 161567
204632 283014
265866 382445
481319 31098
58161 358226
237519 407311
189926 83599
209087 288999
235346 152223
71024 366918
212419 168000
207957 449346
26127 149019
99115 473441
293207 10812
140854 45555
232642 176458
3017 205140
193996 273341
224852 64179
114004 416551
439830 421919
455922 159006
157454 374608
177916 122770
396798 308388
97030 88556
255032 40205
328600 306793
14429 40996
450837 103176
254185 382733
165588 187817
5214 302804
375780 498370
263685 15221
319740 283549
476159 137910
452157 93414
214797 2582
122778 181233
379566 88265
125126 168243
41726 409721
264726 496842
251140 113129
356969 442293
437433 195050
162177 18088
298126 226158
438570 196705
406185 314614
432503 459202
40173 218736
23801 266676
188803 210760
312482 113490
309959 110038
424273 316932
448532 180796
83174 165938
151337 179681
121166 114493
117495 43160
116093 84051
148316 322595
140683 386862
335146 257089
323645 345052
104997 369359
480786 329294
442752 417119
475239 165979
492655 30012
266809 43911
174880 461204
383146 447965
254069 64358
375825 271793
190220 213709
171963 50664
12484 168603
176148 66129
414497 177358
275628 286219
26365 30965
228546 480885
409375 363622
388221 210157
66102 58165
468752 225552
2346 154984
184968 246551
492043 336881
261184 305732
126906 162257
89837 164434
447233 392029
32435 406577
180799 440910
237544 489585
193882 490406
38648 118072
8255 3679
241403 344604
283637 235412
359536 303988
114691 278320
26749 134027
101415 300744
400256 278086
283586 95651
106232 104121
282902 130400
39406 332639
447208 328751
180554 402655
166968 399375
12634 166372
4408 443307
319596 104497
257818 281436
426908 429253
448069 241990
114682 217031
407738 374748
231312 70295
456922 456642
141421 114874
280878 470603
408724 398001
117704 100720
467854 438801
206388 447460
384223 144756
144894 367948
27630 222552
192695 315748
311529 320621
469481 139341
63651 395494
94884 399757
269573 181634
189418 332794
135512 361102
344687 308263
226470 83802
332470 26995
377912 150119
266101 156819
451716 386900
151975 334210
342311 2767
44768 166291
494926 473258
479950 35713
69559 138226
473431 253272
36856 148832
58918 363658
186582 63173
76683 27367
321712 408491
9944 467885
312596 489655
160510 478870
12161 267509
443899 31471
236322 325296
278790 318721
458972 436438
105074 178349
284545 360864
7655 126871
189400 84637
1279 439061
322275 272166
439611 72200
11123 106157
399517 142660
302540 488613
355456 221465
331988 357549
313266 149499
199570 356823
35123 359778
439244 31381
487756 38281
223955 140509
237101 202830
190421 138626
41938 43078
53068 373406
228205 189506
396189 284105
302964 35111
95629 424144
45696 459129
54929 165026
322668 484478
125471 458132
184402 169409
159025 398698
290761 347632
452222 400458
342652 401429
110935 323681
462984 146830
296565 72564
389326 483072
333008 310459
27758 179600
222532 50373
326884 53280
371600 24035
339193 92263
466532 447556
234011 227699
222482 122760
417467 111984
240523 71792
342424 58851
283360 336972
33713 449566
18905 229367
469234 405141
376353 252747
188193 277088
281239 172712
308670 247111
137350 258005
228413 191327
271132 364832
276611 213655
333218 183023
11646 386490
88688 23066
399591 146807
334715 492753
246373 449423
226243 236149
447070 244103
434911 359740
204889 261833
39635 461839
267955 382946
435372 346207
313933 291308
267759 89351
488687 477981
386954 386650
159817 215022
374601 172042
365979 146773
334620 235197
467633 41734
215282 20800
86575 125486
495078 38766
180142 361514
456223 101647
19850 48434
354363 263314
362846 419620
116291 204474
188667 159864
398661 453218
47250 69594
282716 184415
271455 72074
125200 361568
43337 135701
178660 306226
18552 94261
2005 255965
131095 1036
77331 59352
127693 454337
164889 203245
350162 452405
212614 362194
287019 216685
433403 390368
291729 369529
109742 160031
395040 146981
369939 370964
334306 469165
211396 429202
72471 231904
29072 188477
115331 279137
271992 296672
113069 460843
237017 80856
269291 326531
460832 113899
476251 16163
201009 401627
434386 292591
36565 401147
186 217
115550 89431
483820 38274
340571 80693
346633 439029
213514 76882
31256 44834
467910 276857
78084 10532
138278 335311
456306 230742
473566 482383
43085 217671
319872 42709
221938 124050
482070 399995
426071 205583
171186 34227
426179 113076
377079 73287
20819 464165
140422 482151
65809 454978
407809 138114
299716 250116
273268 379836
312870 440155
274476 394888
375316 318018
488073 9936
165967 235552
381698 224298
422286 72218
393136 324840
368745 241872
454531 487203
93937 303471
73010 243042
385553 299243
368291 458398
226662 207096
157677 142204
153120 102174
169120 301576
65737 483009
224692 92411
202614 144710
369407 81927
4956 345158
150083 81668
73824 479043
58047 355956
243205 372763
215089 26248
245430 246157
425815 296742
493943 331667
119587 9704
98449 137318
79633 195445
130649 152307
182216 443297
435437 97569
493977 40649
171838 403076
207126 5232
375572 334666
253526 257437
351783 154224
108772 123861
260632 235560
258659 377652
438609 270910
83188 473087
308722 195482
33796 306381
138076 426441
69448 114569
420582 230051
119356 490742
127908 199969
160107 340454
471064 55666
349216 191496
430652 260841
329788 394950
498911 83687
399532 113810
242718 437089
50165 132244
486971 346683
134448 342720
210329 144621
278406 102144
325760 215283
461334 132324
308926 145732
348080 77394
223419 20226
224939 360257
281889 329405
473813 121543
403778 182441
127186 359289
89573 475202
485233 473306
100723 393142
46066 20314
306893 206661
278657 203187
347476 291791
489918 300089
434274 263376
398868 283180
119304 105864
317429 375097
136450 214633
206437 350768
405410 70783
287567 143172
321127 66945
49196 60420
279307 493249
286474 248363
449102 288277
479901 189393
266731 112334
42245 172882
120294 207541
53689 174836
223728 260793
201662 71700
39022 458889
400925 237187
71147 333484
197955 344
185066 487971
263739 173967
379723 83379
69959 224386
405358 395669
139465 76617
315772 285203
44682 153679
476489 160233
386892 304345
460064 127738
252930 391539
79694 248051
474500 493665
205642 492711
239074 60531
191867 274209
228844 51133
314017 197282
156927 430885
37399 37408
205942 142578
395632 113367
383186 135388
78762 397592
404335 330228
88364 73680
249789 182597
265953 102762
316240 197912
351326 315099
372857 485744
489374 150562
69788 161444
4376 364635
121345 67693
136647 358668
233153 408359
301230 212057
385139 188952
62829 301231
138427 281881
24257 18122
29882 236404
111757 259258
436318 254986
467371 321495
152784 483169
267168 143882
498667 165987
166861 421391
110511 229154
167525 413757
452922 427771
349312 267368
323204 384403
119414 278953
21610 412702
200887 146294
234957 239457
437617 473106
217483 5679
311230 397700
465667 311065
193983 399236
300786 322910
264145 223064
59396 379646
424643 240616
490139 416981
454081 464914
95151 498499
429035 240454
429608 123945
126260 333213
492189 331921
33835 106125
360145 159075
417551 137494
240358 346859
396589 235617
72014 79732
331553 480183
462353 363307
326759 146826
313226 364697
297233 88226
411861 134103
322993 191647
80304 245464
7834 54370
233297 197988
215050 261592
245433 43493
293926 360981
437439 496146
93130 191638
164901 372002
263522 211019
82309 42349
268179 218147
77922 433706
327875 356034
323534 10508
386066 479051
104907 92162
192201 411946
162206 406676
262505 389578
349755 7606
127094 173269
217788 446062
62693 369565
494587 440679
443010 142597
407328 126065
70902 26465
215914 281626
394515 43555
402567 421547
309877 392096
325490 313031
143054 106054
364131 293589
14613 496036
410329 200681
388179 34159
421804 53015
280233 158836
139852 63956
356650 494119
457405 124431
253959 439897
454410 40053
374069 113302
276588 230404
354401 113994
123774 147828
390832 8495
216406 55114
464359 293371
424452 374673
265755 480892
98896 162256
168486 90147
244917 302189
445712 423010
367424 133472
429610 282157
119021 258456
17656 46955
395023 226428
304487 236497
402465 191848
179375 452971
326352 401298
166626 356134
187044 446425
59311 224960
298052 317910
156617 373883
210262 151977
277814 257565
411926 101229
294056 190840
492176 329638
63062 434037
277480 394808
60975 222476
283828 402361
193564 224125
269382 378897
198736 150844
225376 360487
27402 356612
88727 346521
293175 296562
348639 33296
148258 461833
124871 263925
113696 109583
155456 206540
308419 394781
300655 477609
318492 283960
294570 334486
306479 482839
303467 279391
47395 57695
437985 379889
334545 247384
250682 318947
135293 346422
418146 434014
229161 274129
402940 226285
219626 364500
362151 358783
336689 113578
340768 476732
82255 194917
329967 187554
477573 319299
349905 187183
75265 115066
250617 351261
106229 113975
268094 210370
266336 489331
383425 96159
276224 311220
149728 428247
317975 334593
203125 208036
401142 25716
229802 64356
226310 17429
194511 282967
237075 165748
251967 238072
337731 280769
49237 415841
28603 453665
458691 339006
20260 263990
356160 144397
39694 199826
347124 255681
398050 102636
149551 218752
22472 231160
404195 35844
255178 100953
251823 152143
66463 277716
498575 190610
439895 491323
9055 73573
127441 496678
483510 45422
326912 476416
148405 293906
487425 119229
55388 383711
68623 129962
261622 270086
142859 301023
460045 420241
447055 309700
450617 227769
342878 413801
54010 404490
38328 139751
51677 257194
260537 113236
100595 4894
110270 354280
356307 254680
20101 299265
473047 368447
178955 440620
417224 469655
302407 446235
109688 37060
320377 237803
93013 15986
254085 426060
177346 59796
434890 251674
75217 155542
421521 427625
62018 50595
438533 340643
124145 70858
380185 143210
363635 342847
262674 497348
91662 68578
182341 133957
325674 97165
151523 356932
16860 270874
67849 72345
173034 181435
273155 200915
297916 109650
348973 155289
136508 406693
390942 47749
475940 200142
318574 337498
451686 16672
68411 231588
463968 325970
430496 185826
401025 219494
379225 216376
383467 370982
166361 180175
441507 27070
32732 476134
377999 405497
282583 12296
246974 194387
201595 216062
165960 23215
251621 366021
76918 395884
431024 165157
89528 499405
160952 333542
392080 48056
269589 452248
89536 220999
157896 401222
91355 459433
143493 81706
264140 431913
89925 323262
69950 98857
432732 384731
208051 473312
382286 211104
37867 178873
255131 84180
478473 490732
368282 296135
499532 177458
182623 314014
63368 20852
311919 123389
298964 411605
396228 138330
164570 108695
205987 241510
207998 449832
426936 144286
468670 144451
298052 8645
289659 38747
24290 460886
379180 495490
497819 380345
424779 60056
107538 1697
444978 379389
288016 498757
162849 270324
417940 162433
299266 289532
226469 472340
98112 347665
235506 86430
403599 371021
422587 180667
373627 165657
341324 218574
494379 281529
312225 56841
188173 217584
142834 212724
265438 4329
116832 26484
66372 274923
319331 125554
323974 313215
104188 391907
239373 390770
465518 286062
255443 238661
140999 304861
16793 176521
146967 379743
304161 293131
63007 256404
69817 300881
290332 313871
278958 126187
12502 407224
419762 489788
78799 473971
257183 76994
81388 115045
122952 397923
220941 170199
463567 391022
306507 8202
425218 402323
34970 49337
295808 450967
199330 44920
196151 71030
458124 294143
66669 198261
113481 106514
326779 12614
452544 299946
77832 321783
271577 434078
247145 419097
16147 70185
60856 476734
111252 154201
245287 455121
299406 384840
448339 462451
238176 413606
331562 220858
434326 173030
233959 470890
250222 302597
459440 143038
295522 495310
39419 94144
355063 211009
123045 158802
39778 476227
410787 415797
247413 93754
426371 179388
184661 330556
115097 229636
246632 224900
224654 40673
209505 322432
370269 182793
363069 96722
160185 181543
166454 439905
11667 398414
266782 84168
73643 267413
7621 477644
454726 243828
496810 23084
383592 15631
486232 162774
42098 348689
38573 416633
418380 423610
460651 262651
223413 269485
327507 343934
398426 251130
432475 98406
57160 30173
1826 427763
47466 457463
223226 497427
431559 163382
282053 386069
230195 345558
38254 84769
452659 124045
1159 187479
114689 99423
395571 372698
90974 375468
360487 492351
475080 240663
159012 58255
346874 66548
116998 244658
445216 328716
175149 49015
246604 209903
65623 342381
498026 488325
443897 13767
309206 471133
459451 366742
218959 109580
129435 173781
299444 352273
482459 222086
209655 247286
429240 297714
466449 185510
359137 272280
399035 268540
347927 438571
451268 423946
67047 187596
160764 277386
207150 14306
462977 480621
54683 63473
315757 488786
70967 41816
107089 414638
77704 307506
147325 374183
338316 481601
490468 70078
142336 457760
157545 77887
52541 132252
208423 494173
289048 167600
85311 333898
50752 288834
498178 471700
18384 426454
420688 345224
406537 217899
371482 340354
285289 132060
1481 296437
496953 320341
439955 61143
103781 485651
427478 377309
202670 55598
125178 173524
195923 125612
477238 402912
374683 134114
182846 491940
110657 371128
439672 334399
301431 288552
468376 282590
53914 320746
498016 29974
437457 243991
61887 49104
206165 387436
364764 388553
130067 404769
117060 237111
344683 325373
482107 483465
377812 278816
82759 15689
185904 154678
342915 28502
365630 126601
152547 75013
498269 171112
174951 260180
82490 182268
95246 424656
285379 447251
295492 333166
346724 203376
1219 323636
396135 150252
346650 222577
1734 368616
104715 328310
204462 495589
334191 273670
325488 78856
354803 100354
481924 486290
253820 285080
492786 181004
51729 288301
380010 165468
314255 175882
273515 494843
448488 236080
12519 242393
406765 93285
195037 63009
327420 120054
336867 306644
206214 318106
121906 489284
310791 95753
306639 243049
319660 152372
132926 410063
105049 30783
41010 184355
288126 216635
174384 486685
185565 229944
287463 328304
296561 3962
299829 227528
159820 422500
61317 434166
249621 296974
321584 486175
266389 455352
225707 124749
98500 72846
210477 367438
408544 237928
476382 277810
291622 272660
58114 99881
221476 100085
297598 274075
398056 294368
276047 428082
357694 52180
236158 293506
282413 40543
454680 272348
405421 228632
245988 38034
109171 279119
216732 127496
272035 53822
64986 304948
204987 300894
382600 72126
429859 414356
55179 385892
451780 227824
3818 58055
179499 332939
198262 244264
292251 164645
248355 89976
347021 83179
18651 17064
118559 41654
102480 242177
369633 1683
20293 119821
483294 205102
170929 145922
473803 180136
349612 388721
334904 251518
184801 206263
67547 122758
169619 389270
174343 72638
118099 337355
98032 321311
411083 131483
63241 429887
190881 235064
497907 95401
305735 234719
435959 426721
314050 397472
7242 87735
466406 483076
241154 263177
88037 73706
88505 420044
234414 309374
457031 193860
353944 327394
420102 480838
473778 7461
16718 452730
403966 305623
6197 93002
109586 274792
192007 435356
148543 167921
359443 101179
78582 81016
345068 434495
390894 482416
204579 408060
119484 271588
381179 321444
357132 316038
358242 260530
255671 490808
496423 359801
103365 21821
83629 198393
307477 227644
360182 380462
444641 461031
25476 406417
40796 229865
112404 71756
5927 157605
304170 110632
375912 210118
221519 396446
52510 367923
228371 67468
429756 267368
192707 61754
100952 285655
123386 149462
219572 81491
299801 346695
476666 149041
8667 149191
366946 220634
366613 80060
226124 19490
341898 108371
310495 297413
279823 441242
216148 379214
225392 359739
112406 139013
342182 92667
145495 260479
378722 26645
491202 292435
74449 9282
117646 415159
336266 287215
7238 408223
48842 142523
364915 372734
392130 398686
445357 263781
87390 313670
448271 343137
408222 143081
62489 66207
394295 402355
134502 290204
134852 430326
361064 285234
320008 210383
473362 355763
226609 200388
170 402484
204593 163354
340258 283450
487954 231016
384879 412742
115730 319375
393932 462673
205064 234579
34274 207889
440186 230511
310683 479750
488406 368480
175536 413873
434674 10607
345005 389882
340238 267976
460589 306098
80781 126541
150377 250554
357706 96109
245752 254861
365500 110995
57844 301324
400299 2221
143742 43078
333477 187092
275348 17062
2687 56383
337276 47972
121656 324806
320175 299273
254931 326040
33313 82976
152808 273048
94996 324031
384337 371381
100314 184517
117139 236636
260455 473035
173449 47181
185081 38223
12330 495010
243229 277552
53165 306283
137498 375596
255543 32513
38357 38686
127511 34669
464978 490546
429052 252284
430234 383588
301790 47250
290882 478753
405942 450779
331166 7911
237620 296201
84429 117934
457364 424625
82828 318447
35633 113209
233513 88850
45307 339885
479502 437376
16237 100550
126535 112340
47561 297748
366985 328122
193764 59834
419288 383626
247402 17567
356945 266917
393558 458235
450599 252106
388941 157849
197288 218366
298786 281829
165783 299585
141959 344280
268865 412233
290516 410807
226322 336535
798 32673
297962 55623
395001 462181
352917 212510
459171 19919
398053 102451
305923 316902
398302 453170
347068 430318
485325 319456
23461 468020
447331 246518
240295 77774
161667 347432
426488 285617
467276 304539
452330 333771
416774 307325
417568 462746
74987 278872
141830 297493
394940 493722
273356 489930
247319 130562
98559 331146
241408 400700
234735 145443
232659 191650
25596 497344
305720 222375
4323 140980
218467 147679
184226 65331
24542 344830
266903 32671
176189 335431
191455 37499
83257 184864
492231 332818
68905 471588
168597 65973
