221122 395838
119751 88384
441193 487038
213657 325245
404371 471478
473510 130702
367795 245198
344941 272636
227386 433018
352950 411238
15017 280117
318946 28796
15672 412066
260386 305371
54128 103137
47602 139630
456172 335131
274628 264091
358541 151135
184378 240301
142955 178430
116504 100160
29641 20241
113878 44251
464248 372939
118730 27279
428129 409659
4007 117636
209287 407836
479695 387570
77170 148138
472162 263053
236062 434160
23840 397497
368225 29022
467672 418173
155865 12720
103322 358004
327910 292076
450553 80584
116016 239616
105335 448179
24567 176737
316126 495595
299480 369428
153823 498113
211759 15811
499745 49161
67993 44622
219952 18086
311457 430469
198850 230444
374403 138207
385303 867
147638 435803
327687 216510
292994 421989
145089 153535
424588 249033
391234 400752
148592 89490
313677 46582
59288 34787
2258 193966
51928 337126
214980 29924
37782 12212
86372 138172
496555 271690
52901 297131
282493 155524
52094 124254
337258 223661
147197 205121
27495 411070
425604 185235
220548 375951
397649 198885
269364 227724
323082 302385
191618 188024
404313 84820
174880 274990
237591 203249
490809 142268
399055 135848
259423 478400
172522 188490
57804 126843
122229 10715
15954 415696
326592 391917
429498 136303
3017 485110
211615 130747
266754 96469
110942 446736
339539 387757
245306 320810
379602 228067
19530 351297
61947 17486
378263 213700
396435 210838
418076 329487
157554 488161
272757 181305
115314 162875
2457 370424
77793 216768
196101 358572
471825 14002
286129 382282
175300 145134
412681 109903
176984 36848
442086 319566
457449 325003
266245 411929
406693 370671
323783 98879
215875 242349
262068 72180
360422 88953
380434 355140
91985 40927
490825 196313
212051 174457
249047 296790
60939 388586
192518 347687
265092 36127
184576 26511
36308 464666
105562 128687
222519 446431
194878 145849
198285 492740
434253 36314
111372 66444
265354 74561
358409 150682
344101 203365
59123 186957
315735 6679
25180 365542
220083 441998
197072 25205
207456 340549
133899 40946
102362 101502
109019 382628
243559 139588
137307 104053
373215 25468
460546 414545
499457 413313
104473 212986
215126 348329
113948 225012
257054 435895
314372 64229
37945 44279
206513 479279
149480 301482
170618 436283
147455 265300
428765 371305
329271 364369
224453 401569
385664 344819
489759 359510
189123 409883
276965 333038
165693 363221
357293 388342
444627 427373
109358 190063
77884 420105
469233 475735
199701 376833
183611 156191
315238 230158
282382 207640
314524 296654
231882 399631
13131 182926
62971 239990
267304 491326
215199 160229
440852 84169
346055 273510
17850 393227
225000 134051
332701 361605
469750 103549
494874 290166
46025 52093
267979 185490
20948 53182
225645 277142
22503 222906
192594 268855
307474 389416
382803 484440
228854 433273
111049 497132
256333 103644
472530 201201
97818 135787
403057 132815
205485 412293
25911 171008
41628 326844
207781 175814
150992 479482
478381 400740
335673 243389
42973 128001
329463 39740
222678 464136
114231 169600
66992 228870
116020 202731
315544 359465
344642 384777
302939 448719
366117 175698
346326 434422
406101 115426
50797 470784
174831 73152
457546 253334
306854 357577
224940 16695
211647 160047
129598 170401
262874 120133
194459 321651
452856 213228
334680 329133
429459 417569
237516 180041
75673 134813
70007 408385
144335 499942
14537 209198
275687 355821
350302 345918
244440 271679
496286 450943
33252 233424
171195 97865
369335 127913
92101 100421
367482 38024
116957 224015
297845 117200
178868 310946
377600 180439
467672 69993
74117 385084
114707 460231
238683 302746
14366 499251
41987 144111
480570 4682
73033 23171
235140 13745
226173 407362
328504 306311
449176 311310
17233 393111
256774 99731
222484 108576
147500 427626
387201 394945
174037 30537
453154 144467
91873 247876
203268 438751
10181 347848
347417 435251
72040 68413
146720 98300
220067 363588
194183 280870
379651 64187
25516 193660
272472 330804
60911 313460
39088 460829
81009 475424
374206 2854
481695 347597
410723 428664
197868 399770
226475 386035
353437 255219
16103 307730
293456 222977
215346 105294
264753 371541
11095 72614
194917 207709
484107 494079
305652 122002
28836 431513
257324 270596
316679 25912
453035 455742
225915 417
387989 478921
340287 216291
231127 170438
283580 201950
432546 60595
353717 45235
187505 344625
165704 65441
109232 459599
497541 58567
368673 252662
98530 137005
6722 293848
463194 27434
294941 177595
189383 155015
113938 94338
185178 284204
128072 22385
208931 28403
410813 417989
494841 55518
254773 471533
357621 58294
340623 85102
377831 159577
176666 309857
185143 402317
421169 236449
210652 328215
212397 436389
447232 86972
218346 331164
302525 198512
171866 179825
81763 56609
251341 71845
169500 211283
445974 294430
155535 122488
278136 307969
72309 425323
248827 338155
289808 218981
86048 218897
368308 313869
205262 181535
428830 333510
329159 297157
64723 165311
253386 216076
75841 79938
57666 80896
259131 137208
243969 407787
138059 434832
393694 223660
210965 450598
72653 460072
57727 7453
31067 19694
338883 62042
477962 468737
210622 369314
326340 293539
419106 145650
256857 358197
143530 476313
85517 354434
272493 159132
322866 367261
333108 117442
336276 326994
496668 239313
139634 449446
204829 333847
46112 191265
90314 155457
213860 244073
127107 339331
434885 9879
120533 13241
71405 191734
429457 416473
56430 318418
383459 221062
127801 139251
77922 280985
338056 3161
224533 108421
264652 498340
391889 127464
63764 25263
445517 293066
392047 482404
474150 109785
312837 496511
35556 400169
12019 409917
375418 484646
330447 155253
79574 365985
243106 184347
444646 223556
423133 107355
377889 187224
323824 203530
28993 53945
270029 26857
15655 330730
58122 488140
305376 288793
7932 127017
47722 95340
1877 139294
344591 372802
303251 257710
457800 321707
327682 450409
477613 188526
452535 98904
207188 83802
304514 70206
171568 170096
440502 211734
12635 35417
186896 487261
215636 452661
42596 303499
408455 470347
451384 114100
487850 247855
266665 10249
266785 14075
212300 220203
293484 199270
185588 299059
178387 281900
123423 112546
248007 286820
100971 19181
333392 273689
180452 455388
279235 51484
39082 44584
282813 173902
346862 319830
24401 217325
276728 210928
36313 464701
91229 167150
88011 288964
25124 17420
462513 430784
446034 398610
272197 413876
10807 213779
224681 126978
306490 361856
158582 408945
430304 283759
375235 442984
143895 254581
280701 398488
97398 351364
403426 135614
173960 498396
148860 169455
199884 279962
234920 337575
362854 306590
489217 295962
379478 382456
464311 340180
420000 309074
465404 409460
308193 417238
127858 9480
56276 10341
232836 621
385460 58616
33688 235679
495168 141783
270732 413630
335658 242833
302934 62349
127317 300936
488360 312778
63209 437331
129775 344987
456082 219906
307223 104388
73474 499860
150803 129189
144903 94775
348540 256258
20901 189509
443113 406126
279261 12081
159807 497126
355984 36248
496756 427688
81453 256267
328426 120817
104420 224382
86963 242143
27462 129583
241526 96011
383921 9438
8689 451043
214551 335226
280552 481853
498700 452087
173240 259932
275786 480250
347489 495422
164649 492345
376622 324224
318939 116553
277290 428537
159255 277168
447023 111067
278963 272938
319287 127308
175123 329838
246407 466359
64727 334364
343732 130726
341902 351145
65699 405601
459022 150681
77192 488234
231214 14236
366546 377569
64259 349871
192231 438437
231188 268170
340542 19351
364770 18568
154730 48474
365371 222469
477412 444979
90537 103718
255236 380906
437526 8818
261121 245165
318484 378524
51053 320232
238796 240487
405350 121339
367270 288362
15508 406276
3225 59008
306901 139555
235044 469148
228896 99391
153784 66948
399176 331611
237987 76706
242331 30402
48844 424632
245277 252255
145200 15902
73961 17787
315855 169221
307865 185344
403256 233414
135725 24811
190076 80593
322084 387240
113827 491938
249528 461396
462276 173493
109816 384418
104400 265955
411039 261280
475663 322578
358609 418841
432551 73787
168534 161661
183797 49562
151165 50978
76977 95721
237845 287001
48950 91449
431219 21813
490969 330533
174358 44621
126971 402714
462645 420154
87408 221845
292014 160302
79460 83544
51408 77914
463778 252760
479511 257362
231409 482691
361531 103852
396119 134832
108036 269521
208683 235021
323974 231042
296872 290897
467320 136066
249879 155392
442844 350179
137734 471124
13397 208904
40058 205273
418203 299030
498453 191765
254158 350396
56625 279472
329822 156562
180084 462624
228096 158913
305132 382036
124933 330153
353146 84092
293583 239735
451794 418068
423691 47656
12632 410087
49411 492805
325852 233239
485609 177341
389578 287949
230765 365303
394570 240725
350441 413847
365430 447555
407546 311973
486628 461437
363597 443613
323201 367025
495632 354418
354249 353250
24347 120558
317776 296191
51080 308733
136182 12340
50474 27840
264519 9468
27938 306975
162965 265656
480933 245689
363632 101254
434272 164628
453320 410652
279583 368785
300836 242427
232023 384542
27106 471662
267289 391113
349448 201416
196408 53458
452252 408884
136709 174402
225057 149916
390637 395947
322743 466362
362267 25129
286112 462841
148985 487801
73215 347764
64594 466848
24288 463648
287048 130417
99697 275269
160383 169406
463168 315775
139293 295757
57654 359475
482574 187738
389409 170953
103694 268492
381128 204020
285113 374835
252013 238062
45873 31048
233532 105924
497644 99142
286659 89201
471623 23609
215423 175276
245912 76429
160329 450291
167624 326346
16859 336830
58161 236021
372746 480545
225071 190286
28366 184058
202073 422839
382004 465567
171077 320781
153908 143656
211259 145870
275060 428233
422095 426415
320119 409549
438372 80928
27140 339267
189410 427102
437884 313743
190000 206042
371436 280536
455064 97828
475027 205056
324384 341601
252280 313232
72411 34849
114227 192096
102554 69205
121258 72951
341082 209629
88255 347010
488368 210431
129033 236512
138956 422390
447348 358676
292464 299295
488894 413275
303270 98361
14975 200860
468622 363956
292750 125176
32191 181391
438954 325211
148288 109474
39405 340614
442550 400009
155846 410286
16412 21231
93694 248677
147035 340121
259202 415613
111151 54903
353664 244432
127041 155364
301158 56319
321498 425369
126610 329197
306162 56990
414302 366972
430934 159131
456729 461320
17299 18154
459751 19340
321166 33440
117344 208747
351073 199136
139515 49336
369020 430777
239092 158002
320528 205624
323881 152655
243941 96929
256341 460035
336297 160222
93006 467019
342688 495301
267444 180657
39575 474398
216157 494428
216095 47926
96545 495856
3951 181588
358281 150435
185413 447754
100872 142268
397303 21322
29017 339595
212662 130227
396346 42327
433819 463560
89284 202084
168826 233696
78873 440947
28862 486671
481440 36887
372784 211970
463052 289837
101069 290523
119567 167339
234211 457471
229579 397740
82051 78495
