362022 271137
26871 85316
90469 334738
308161 46006
357838 288374
39425 59067
52240 406554
30281 254338
18427 256261
271708 82362
318034 279739
368989 282938
351106 298836
258256 652
464805 193091
20751 495784
325684 206702
45096 481089
313462 51192
495817 19646
294369 457368
384678 376434
287230 297036
326205 93513
21031 138210
46571 281126
216962 223144
253002 101368
94055 353974
110807 259576
51059 439892
452452 392937
121105 198700
45136 397531
181352 451583
96869 87135
398286 393014
155224 426484
292145 265286
381642 189051
143801 4145
335600 90302
92580 316957
349522 439029
291597 45244
478101 32232
271876 358914
347018 377464
312910 213618
210903 32246
214635 59342
93366 147035
79204 166760
328340 105247
317716 32402
450959 386348
84874 105711
127876 178377
202307 434269
35247 279814
386509 337744
407752 96802
468536 219963
92734 413241
76966 274460
48109 375823
218965 46090
445448 194559
318465 175382
398975 149549
351344 230383
499507 180450
423291 248043
299637 12866
202580 176126
423175 229634
55037 368978
416885 343214
285305 414477
487002 299788
460852 370837
98699 331199
38072 6924
76103 377639
120589 386955
415902 311489
251697 72737
99612 45666
92572 329753
462894 387537
448810 170345
76894 388585
208878 141712
99722 109281
225982 191971
467475 441470
197357 256670
211033 257363
382679 20716
114361 94179
235707 43998
457315 471894
399467 484628
304231 437889
486143 20524
312526 172855
112207 218897
174346 265138
64018 483826
108496 264881
190770 450213
479211 183470
188896 346902
245079 303286
292289 268272
299195 59558
271625 418468
486588 484152
80079 404594
387632 251996
438531 80786
36450 50950
154807 311651
25037 471677
221901 202271
255205 479647
306429 262584
71014 29882
13843 289137
122150 69
222974 284544
109725 119099
313168 126981
462111 276969
6786 127221
250137 413961
420128 195860
161676 449604
80490 41028
445360 253756
342742 435925
403681 363974
240508 310124
181910 343861
291937 403494
487047 190714
435991 147215
436495 483607
436254 23252
326614 467836
88844 408300
243794 115657
334668 12600
431380 297126
257087 197269
4842 239958
374599 425239
361228 231372
279938 281771
243851 31261
207535 116134
266456 180462
124548 437024
217655 246237
19316 102339
167249 86275
195462 161734
348807 131799
20610 257096
145739 370167
434913 60191
240558 12270
382553 119565
125169 179164
183525 88745
387784 276828
10519 56714
453688 440868
482002 40213
338492 424615
333535 437377
301481 468377
45469 413618
425002 398608
316407 499674
229008 301763
386228 8160
90923 460497
46360 498910
263885 36026
199853 143265
408374 230726
356968 55252
186506 124898
367471 403053
374042 382723
415618 316144
431628 223800
187788 443126
139609 497036
351543 63747
400814 230497
309977 112430
230516 405924
82249 341389
35783 189604
31476 208919
319964 357860
240848 147485
15197 415881
89112 474459
459186 200584
282122 361216
415064 295263
108513 449888
486916 411518
137565 282552
112706 267348
433586 355590
199999 353068
208951 374022
6334 156053
176649 133870
286618 133427
471289 485272
457510 139130
123577 60559
193863 6591
261172 413964
15299 486608
59769 282451
10072 411242
457308 88202
142157 380549
192697 7551
454632 361458
354409 155457
12388 12221
371766 218219
355990 351648
164100 414461
454193 18008
266875 493722
34936 279510
257794 196755
185232 427866
415444 358246
278718 141618
442618 422680
63634 2637
247414 254481
255712 288228
191691 184938
464753 145586
257071 406594
351462 343932
282572 268386
424671 215491
33122 451683
393300 440067
40545 170452
195482 399074
237107 149697
11435 374291
43893 167767
403637 373724
13742 307357
20363 63649
30830 287682
376688 270566
10865 72853
470189 270689
90302 447514
438700 31751
133158 238788
31687 148539
110695 492937
272666 53731
439959 158023
176247 102319
162783 227368
470299 498312
392995 99512
35149 356387
490287 492847
18070 157690
111807 298187
119054 94692
345393 288846
298361 198744
118564 408025
350901 161693
338086 300196
1280 395178
352556 245044
446384 208317
202904 5928
352889 21345
84609 127403
278237 397400
161546 320765
474353 276533
267964 398203
380429 4159
68232 346124
295543 171926
64957 242041
394635 2981
402805 324400
335508 126638
439800 58769
278723 271972
114734 397182
87794 201484
182110 378364
311107 478790
123895 461814
347355 190990
314192 231067
444861 190830
105676 269014
39152 396709
1796 193124
310230 17039
107901 416894
227504 8647
131447 343956
427680 92572
298334 330679
392628 83915
20461 74729
383305 55951
180001 61609
205236 40346
236212 279859
74120 107003
230188 337595
339492 91336
192168 172711
91771 151491
326074 471865
353312 238596
389979 216606
57554 235499
460556 450158
487986 102197
446374 405276
455430 258731
138400 277017
152728 215815
396630 220231
213883 96006
47381 454069
248830 411849
372788 120226
419517 198902
47054 91273
387990 480131
42612 237886
275796 266263
186551 486905
359565 5695
338653 3514
344187 192798
257775 268038
195249 313456
144266 136387
254 437937
287467 118836
223758 411446
216480 411979
8242 261993
78225 47058
22930 497474
470377 322532
476714 335701
382430 181085
471783 467163
256819 483164
346480 364641
144305 39979
493602 392697
412363 335055
132045 402409
224216 352995
74323 327584
45724 373023
353979 482239
193353 394844
328394 18692
278150 120764
442922 493685
11920 128352
41843 434833
177003 383336
221270 436113
113198 293790
426472 259863
122372 190884
24538 21123
309537 362869
114850 489158
67598 173544
483120 110012
174270 320640
227119 473342
172332 219662
318527 354790
175417 405314
214672 194129
69404 344732
61331 20360
48151 278061
79281 81246
460085 497131
176278 357716
179846 37460
100542 429721
573 114323
358996 428186
343083 481346
267784 214254
154121 316838
476932 135182
105089 462461
3412 8761
215026 136582
176412 208122
428852 109626
242653 476212
207264 151477
146084 448304
499795 104903
116426 337115
484463 78781
226906 236356
45875 171087
306228 92998
258496 76667
2007 125192
289425 60093
235579 478808
370595 281605
487882 245480
321978 254231
447624 234667
276789 117462
319044 334017
400169 450699
392612 5925
142706 71552
482435 206437
212803 436118
470572 465713
420534 355272
144754 88066
387479 231784
29659 261973
335747 201564
348694 431124
347430 464823
355383 429239
375273 162641
106788 90149
163199 193493
410441 403682
450708 349852
351170 127155
445289 93248
252787 59424
291512 96564
472963 52615
180068 294333
1572 340722
488019 45273
236422 181290
267199 301538
172337 455119
105615 451840
141383 98352
412936 45705
260781 420049
56200 348344
323364 131382
35772 356885
234623 67730
201772 425001
177478 219230
7471 100701
296628 100963
363334 23302
117948 212629
248955 245652
28544 242079
25830 331173
277910 388181
392007 477745
309085 97871
384265 15975
22841 279589
44954 228441
157577 211686
428826 126476
133236 174578
55080 83474
374537 96895
114550 346814
452580 137992
197212 221229
224777 412103
34280 469358
476092 247898
183230 281557
71089 162129
248395 234937
140327 93552
72282 272096
168323 257500
463597 194974
257073 53378
3127 198653
138177 109051
323888 194516
172602 468780
326664 342619
233421 384686
109372 190388
318736 269778
91191 71210
70918 128410
272953 199770
463870 50687
277236 21682
329591 5622
414175 486333
270205 461343
350328 164928
143883 134796
220116 155200
277339 320255
471977 425878
196757 466856
413933 132920
418581 343574
253260 86137
179322 308243
367895 119584
273760 140594
422831 56230
493298 89526
117132 451538
376623 315124
422850 257390
460364 322033
288596 477376
92468 16849
402974 281739
175222 492647
480293 451259
196478 92518
312211 492047
286444 164815
64206 344014
169290 455478
202825 399464
277967 35873
377052 463905
346512 272216
200577 333987
141519 108561
177781 156013
304671 182632
32928 438919
300728 459434
298813 470753
123438 148507
241922 238000
113516 239215
465314 253414
361365 262245
240642 123451
258351 341622
128975 196410
352919 416817
320536 310564
86043 451624
45269 391029
469324 67586
318507 296066
62214 395666
251756 459089
431863 456317
93589 406744
202184 157527
453547 455331
23130 263814
417789 419626
73807 85335
151331 447724
313925 22802
479310 176467
227660 156877
354869 350684
476741 202415
165530 446655
131104 269816
378718 46610
366689 273398
354475 229938
63906 149405
381155 167794
420318 12469
186515 336528
432765 449413
495199 210993
186242 196976
163909 394764
347084 482210
371526 336616
173020 213997
86020 107713
470603 172981
38607 236094
218317 392215
489228 487334
297256 182176
153153 486595
287066 196366
236111 259436
300112 157720
108313 27946
472288 118868
76615 443900
143769 246366
45951 223590
414701 309166
186041 250486
408273 366520
222953 269010
355359 242034
93330 322532
161428 14303
17944 258364
346818 276021
299151 279762
290333 61424
171356 33909
325778 340132
72696 121393
187850 392235
355702 48107
26640 443007
352284 460270
495010 203198
272049 384711
385906 314333
91939 188249
34659 477001
18410 387063
213416 431180
226870 20259
470969 275609
319775 125965
225723 61601
241332 216626
264980 382094
499561 135468
467186 437670
233467 342535
192893 239712
3311 104954
346522 238775
346424 23872
308723 130508
152608 470112
382273 489055
213595 462851
336640 189368
8575 348282
393864 236160
147903 225681
12242 261325
275518 433089
219715 494360
106918 117535
22087 483606
456751 416901
262716 60721
111567 413460
438461 13942
493924 198903
456118 366150
190191 289151
24388 362884
339642 111205
149922 21193
325388 244940
495119 239004
90527 184066
358381 292334
260140 492029
199916 22706
445230 369727
22960 494122
154907 385554
380277 279061
355289 305601
379110 97182
309231 189009
384187 157207
273685 292876
386289 215952
105195 152971
300646 223370
91928 344026
456490 233279
197805 442143
190678 446873
380371 56542
244978 287185
210363 152776
199953 431227
155876 458337
466823 469689
237713 271126
204947 329364
333097 446025
151513 68229
453573 285940
405442 201778
335428 81856
465108 461162
242595 295105
434523 53433
241959 39080
424294 251505
236571 475587
92842 397955
49252 449745
484854 110435
303520 474001
484634 449822
21213 72058
75411 18950
484660 376438
99629 317725
31554 345918
8464 271915
208731 419483
363485 351903
296186 141932
497986 197037
299948 270105
229936 371541
116731 125189
342199 330435
153255 85250
398539 378103
102791 304009
175425 329396
284961 118776
267931 57091
414753 137294
498573 337441
492176 196514
386880 161306
150426 476883
132569 341013
311578 345871
80486 445590
17469 30476
238255 260698
30625 280719
39264 5141
326584 73490
76217 459786
22628 2735
365074 338398
465649 335076
174212 279402
222022 281360
262372 228193
443015 12487
351378 98259
107971 197250
245209 402140
20154 463414
53291 406439
436934 110876
350863 183284
231953 53083
401473 35745
192535 236416
66077 126820
283549 31586
117258 226617
419462 284356
456574 279740
272783 14667
16698 282130
151475 353602
76941 337555
463551 309052
142464 110835
449663 140272
75583 100525
191978 129141
413855 100443
399188 453625
190964 28942
383453 203660
170082 154167
335206 78582
418647 472609
410749 145838
12926 172063
327751 258081
369664 15140
394391 258801
417107 473529
53118 300523
269188 129776
17651 496292
119847 3473
216405 93457
358994 317168
216802 139012
109063 304182
263346 183451
189275 377418
81377 250613
373683 87308
171439 350519
93762 248339
159881 368089
289 156987
497182 176681
371283 160877
297649 61299
97333 252277
247264 21888
248037 233123
226804 208236
161259 384550
99099 190978
101814 305671
199532 498659
465382 220347
281507 60250
362664 259054
50498 105226
388680 262506
214093 498782
217955 138257
374363 409368
498864 450068
14188 135376
474574 87680
128945 493000
31112 310839
352718 396730
132583 492472
44714 245285
30814 12111
177981 328785
136727 464861
460655 247126
69899 206347
346449 468674
249736 175319
269816 160061
461424 7654
166493 345622
57431 70803
29904 269831
417698 114449
261315 385012
497960 397371
202660 248240
119133 494936
13900 363918
493984 398038
360099 10904
276988 370301
484111 52533
78831 375429
180654 192206
410333 172873
162632 289617
380850 410598
347288 369832
256632 494267
485421 238871
76119 498306
19608 243366
6555 421300
421258 237415
453703 340646
459931 244401
140903 415144
459784 484029
176007 439620
284021 84159
158647 485924
274176 354862
372416 393125
95733 55279
464290 142829
234590 33899
265676 471585
278687 118479
352565 368627
349075 246858
197824 9369
383339 358105
355724 421681
74840 489376
144427 323178
288317 37605
455172 363324
253855 319173
466992 143485
162044 163593
143198 422968
242627 183893
353114 43506
381825 265266
45872 427570
124085 112252
264513 179403
281928 37894
328104 495255
222731 274583
241604 96619
114840 380221
284577 214169
376332 102255
152213 423248
76779 45949
308112 414407
371360 69133
30717 487181
409687 138819
65746 253638
114722 158706
304863 80046
204380 284948
499414 270371
422460 54617
432556 224754
18935 255661
368393 34731
171728 177271
177881 226974
403256 13357
113762 244828
460890 174913
277106 408301
352788 249441
271153 334647
295494 385463
368289 463145
468060 392499
196774 347350
349603 70104
272072 104157
108033 385550
35021 484386
360632 243976
450768 76500
248891 133820
445833 304988
275321 465481
390101 405478
301166 119042
10109 137785
70345 13283
437296 420362
137460 33462
227808 235971
470227 439211
426454 240901
455224 187201
485313 470381
242612 475315
7638 285558
455964 145922
50832 272128
388705 457205
436016 173325
468181 211562
66917 175352
88969 243064
232566 369203
32446 177142
332805 99868
420773 191377
218288 146101
458690 311488
403112 122209
82122 106959
263152 447156
133009 456388
285853 205347
460551 469175
174796 295475
480658 407005
297284 109225
356757 466385
408708 201775
368836 332063
235816 384681
252955 162444
34396 114412
408442 433944
400742 224555
392226 220051
11982 219744
179552 277244
283216 456290
385968 323137
56500 495557
139577 106274
313453 181581
277968 98788
35207 373699
262602 449345
292862 324111
491756 98671
129429 156367
440 482863
188898 184987
273735 9188
467628 379240
185699 218886
178958 485289
173150 255742
150632 212196
10314 130920
98270 140750
417269 14439
346260 412003
199299 222851
223570 86739
339363 329976
469826 301172
228816 322474
482774 386417
462023 341211
199952 233997
353474 217436
59478 481700
45835 453196
289368 22389
243143 63425
57551 465002
440654 111277
434496 427246
268026 118068
164912 29632
177934 463673
347888 369740
353440 22215
403831 1040
239484 156052
428699 456365
408133 409837
131372 477028
172865 357664
134653 26347
490241 216811
475495 83230
262058 395220
151707 463724
331272 136297
473177 69953
447405 411467
278898 28687
8921 416341
290830 481676
201584 429249
446290 194463
9907 237890
451563 143482
94421 52279
129176 428549
403119 167016
346275 143645
119567 252016
193145 169631
462531 80724
437946 73158
380619 227517
121407 433372
62620 28812
205142 383982
205546 29808
261666 388790
286809 276308
293017 464090
165000 331126
268361 391187
366460 243218
382118 199230
91077 367109
26367 130496
314080 76745
452308 152322
92319 425717
461352 303160
224999 236660
401960 30180
58372 171935
195522 482293
304492 387739
235823 380890
489258 266993
373977 142702
124999 214799
183711 374213
399075 296773
326361 341788
366401 353128
427272 186401
241613 217398
380466 138107
261305 496147
473936 343044
241895 27490
453273 352158
371640 387108
36786 490985
30749 233916
320699 64480
209242 130458
466812 418304
276860 443318
375807 304930
343256 404447
290851 44004
207276 498094
302284 307319
259723 429659
293583 233020
116322 55165
432779 115865
461942 152346
385077 167892
41231 441936
173930 438776
494248 288446
206499 345251
81644 323165
497772 481387
73059 299800
213962 225350
339589 239927
156232 429165
128539 240004
9088 370109
245770 255251
62644 413457
381707 156943
386295 341348
74691 414419
5870 230766
427875 255013
408488 353804
89824 34488
15019 60148
123022 131842
195465 462016
292342 389045
340325 325447
244487 165253
280145 268864
410988 274703
335028 339741
92257 392628
403810 215273
246571 89719
79177 182996
177591 413922
136821 248234
151374 240251
182338 4350
279021 315460
165990 403024
152696 369445
251956 255706
476181 409939
80627 178574
155593 159011
218434 304307
72522 423583
432062 34202
326855 233831
413440 141284
161957 452719
197105 181280
278873 242351
173550 401784
244377 87683
188665 100167
142686 116452
163746 426823
366346 291639
358749 343206
196297 278770
379200 302680
420857 192774
415760 487183
108739 129091
366285 106053
126927 464224
2152 438699
251727 74027
74597 403293
483289 378782
3663 4259
286736 311530
221132 381705
478956 84823
180120 144236
74371 93843
240911 89712
478756 269981
396600 77912
337461 320743
322553 74501
43716 472459
175273 204570
98162 88396
120379 2242
394828 83810
175436 493025
384290 109032
324892 31067
268293 492970
307538 382287
322766 236429
278453 213676
436090 348066
32085 185372
90033 429893
9115 465889
99784 254886
415844 499692
245275 491379
125700 443212
252313 389524
54880 231949
483312 218385
70914 497715
216608 242052
355573 4108
110347 21322
4065 116027
128127 201559
326784 79571
176159 230781
111507 221791
327854 69195
235430 418759
313904 30187
480552 11721
408521 448715
136110 218393
450057 475947
159697 116335
212414 70540
95723 469786
87523 272121
445329 96818
490388 181673
61675 76710
348151 494335
20637 147234
77421 82818
291740 273001
115698 126155
378001 396567
171581 433051
302374 142267
204167 254425
162833 276420
424886 146628
98463 478545
79365 295919
88293 273003
144705 1981
406786 451221
174164 256630
427201 110268
360102 86959
16523 425926
223204 197358
296656 324466
119471 337275
220815 385731
492234 253222
319600 304981
325059 11619
223604 351272
235992 425464
77547 482463
96192 473084
25136 484694
199004 195196
226813 25817
208191 63456
67908 1699
115314 222939
7283 499575
374519 17370
377465 131904
339980 255738
48164 474182
236281 271731
306571 40804
250191 435041
197458 141819
329866 266223
112236 47579
149867 243560
158883 734
411588 120975
250570 97724
381500 377800
302245 141096
99495 216485
325386 90298
111216 128373
245204 205288
205751 138046
112304 466321
343917 448206
319613 475159
346872 15110
161694 232
479133 322666
5748 306527
46813 460037
292029 151431
59347 483906
178748 443658
220741 167552
395760 213793
180251 264931
28819 264586
169594 387362
473871 274359
263322 173162
420952 356855
260102 420417
159281 442531
454640 189700
52891 213079
203564 479261
64742 217513
471020 416770
227693 38454
368555 238076
417856 228598
212947 391834
340889 84246
306866 221202
23510 207870
37963 410450
410540 397901
450031 255825
164515 326972
453363 249839
227571 364917
388742 412228
349075 456728
386915 106592
437618 325838
371406 414330
112044 94232
414448 178590
367476 42504
67333 161614
378012 151945
460670 222456
22382 412437
56960 326761
73279 125864
314402 65823
381681 105818
44446 271981
447134 457355
229189 381864
429441 382181
320484 122647
21276 149480
228694 48430
75759 466089
448920 103366
483259 269983
264524 492954
161101 204282
136895 294634
59823 36510
100091 202110
293700 263347
252930 353040
255053 351684
367554 294503
157106 269833
70345 356076
271571 417628
248266 306257
413503 220572
280236 265379
109750 384873
267847 175365
88346 49109
9843 268833
148528 156807
206728 483664
436907 139638
146465 346814
121690 62918
343454 85909
357755 151280
229504 51270
421803 73268
463403 438407
306626 40633
129628 88489
96420 312892
335585 334528
469188 219704
371767 247646
85854 306575
350448 479807
394503 125885
344657 454675
429651 175092
334004 20145
135179 206427
419332 365244
367270 400159
450095 89830
496903 100099
149875 163086
210194 305036
430132 247969
119183 459969
202397 483074
446916 321583
457852 474398
124324 178479
127051 10238
348028 454646
173970 80536
15163 233945
379370 430518
146182 337216
400609 221812
217618 98131
239677 363695
112411 448625
423853 212457
382567 216947
421241 30736
15804 197220
208456 153881
459137 421396
108174 166702
199998 230285
179668 178801
476774 352510
314133 301784
346103 250199
266055 373500
42429 147977
201206 327169
288353 237354
294046 208843
317296 216409
338378 188778
96950 463699
52531 141835
317426 375775
135084 19466
8377 354838
499535 271013
179901 385060
77802 80568
79013 359576
140435 474093
346350 147054
380217 14018
381345 301409
36761 354476
278695 153882
119196 437788
177953 127239
370755 261018
144420 149286
454893 214471
313987 203544
285728 423136
77156 19115
305277 122824
482030 122222
227994 175974
302628 49794
422623 467804
414378 188561
390111 343647
7548 219547
403334 246160
452448 497471
197567 202216
178871 239784
5583 12547
230271 141891
230014 61596
263863 157980
158966 187385
265110 412056
191161 276878
17366 16155
297685 130576
163110 270341
281282 89870
170765 205090
299493 105923
98953 59091
412529 193839
50482 57327
411579 199887
474519 344014
129051 406371
377637 317690
33409 92609
439239 62041
348004 391709
181708 363989
472673 12701
222742 421704
172638 379505
364948 461243
364525 140869
66127 1100
305915 195409
386566 409160
216563 429375
336234 375383
296057 239759
494453 391630
82342 189727
497364 426050
165876 238917
425165 364418
95466 446871
159663 205002
48163 441717
358624 39656
412705 254096
264854 254008
115727 457257
356669 141484
23223 218360
440588 7843
314687 330108
484955 467189
387330 161148
148562 170147
359461 488471
108562 254834
3981 340620
425461 431239
111145 223522
378546 268969
379283 367799
101405 166821
422815 207833
380825 299162
360456 130850
180974 465193
65200 252064
59990 491604
273004 324915
85616 389168
109188 331134
425075 368297
376838 497058
413982 62483
121390 398749
114971 109439
289384 38511
165477 394267
164918 329937
471617 32497
262541 192312
344977 433461
51022 483113
446015 82694
148207 178428
213662 61943
269931 302150
210216 166514
310215 477178
430602 44924
360203 472650
430015 475596
44538 305138
136686 119541
156967 243700
256611 473639
230754 42772
431193 329747
26985 4115
262035 88502
343152 200303
13231 279019
429714 57372
110633 40475
243410 464532
117366 29878
345956 130945
351520 300460
302536 424681
34140 384265
294932 41825
212490 276330
45758 186770
333343 248727
299036 446523
327014 72377
328422 120123
366027 45925
483065 179484
132313 121582
68723 403518
365648 340484
104640 261295
482906 304155
408245 1537
324837 467827
162416 339637
433617 468766
430050 487342
83740 111979
252381 61699
254746 243105
42651 72278
200131 89412
450958 123184
229526 171357
221714 33025
186190 493243
41166 376965
388560 172374
434060 373937
375785 374380
352225 264879
413637 1617
210333 149278
212519 143856
334673 92608
313851 175728
444436 455698
421515 143645
283256 270389
63835 476728
62081 482787
280737 57683
429886 286098
350540 42703
351861 321065
466511 165679
10474 116978
124854 71767
235288 182147
493602 109635
145208 454883
117387 117055
464927 181135
256544 318822
296249 139296
429455 329435
133294 206771
45865 234688
253904 492051
65219 423034
4062 161
202879 371748
312172 473128
477799 304895
144960 352777
150636 372959
443912 48924
128074 382785
143329 227268
462430 101550
278236 330009
42852 126868
367539 224414
453036 389
94585 445955
212506 492685
164375 80246
308462 252260
287307 74249
319993 74699
294457 9039
380061 206935
17628 235539
450420 426457
245240 450975
435805 309322
498624 135093
256464 109113
142754 294480
110959 336860
155369 57848
302599 219914
197250 55849
389219 372507
258855 184092
473282 194776
339328 155139
217428 197558
9550 300833
140001 419910
185324 279687
481422 122932
365184 10828
145787 128689
151405 181824
45637 143227
348989 322230
130633 178617
360764 65683
122847 270899
114947 459089
377488 492181
70662 232488
337322 67584
131091 7027
492003 114208
133578 270249
344855 157925
104154 53743
474954 333124
374867 95148
90792 388221
313354 475421
167023 349425
253715 459794
333798 320751
31443 319035
144317 344907
440870 487504
49683 8783
412296 107877
37739 330524
20449 458448
293249 122911
331888 210737
81764 198165
161836 197643
416263 427306
26601 104361
103380 146147
6874 129857
287417 109511
36205 106089
98044 139499
70156 308303
476572 343381
159801 78925
125777 473390
145950 29727
245385 303784
184491 194788
127315 180422
278876 342917
164525 66466
129755 450796
417032 299054
397576 82093
28024 66426
483351 248759
108523 255593
469840 93584
27554 485396
376022 401412
219435 418815
242251 9977
265928 418158
5118 74454
354724 156910
187823 98076
207130 494927
140494 379069
463575 467072
450177 137590
441863 142736
256743 263995
39931 256529
428006 308879
308695 326701
297967 156636
178104 449484
100673 376100
322384 89348
380351 187992
464269 74281
197601 162255
44699 199301
47687 364284
213734 447920
262289 481957
142869 479190
192247 36137
487799 86477
192617 241827
198709 446182
140933 253934
424429 321349
60285 38983
341761 399033
279783 234833
342551 93381
44179 191002
433595 448052
150256 419281
36071 19045
499229 333200
448067 388189
166805 192110
201355 492009
433707 447197
211726 252926
201787 170070
474880 368223
229414 486954
492580 86120
320184 404671
193378 312519
348194 42580
127986 488984
179404 458295
305627 331891
458181 280864
78801 216901
14694 319003
323055 337088
413158 386628
174676 420855
199810 484326
201260 249722
394737 207091
321336 169561
213180 109619
429536 489359
70216 307718
309996 453864
280820 89976
429356 29238
378291 1621
229979 348253
432511 61113
413185 178418
158320 68881
482654 77907
317356 7341
236933 418361
157467 3924
52496 450009
264368 438141
429610 118077
274223 214585
45634 123690
33152 367754
367168 363113
432552 281585
387518 108762
286998 391367
46153 435420
186216 340817
488998 428740
298005 15478
427933 386217
381683 122877
244251 306204
331088 81984
395164 319326
303003 470454
228534 449951
299007 351292
433131 403805
328370 219648
15562 157064
385922 284314
228498 74029
400399 292433
141116 412794
457346 426427
343944 308908
179465 330291
38073 36322
122005 446742
10573 317088
394383 123965
146314 279881
162318 247898
165221 333693
91394 123974
379323 47376
210995 121471
172637 258767
443187 186018
443801 44439
243754 179290
275193 312399
184371 261034
236407 491961
335151 150524
484003 340516
123435 291028
238817 182189
80948 315507
191749 223335
12585 494159
256262 71654
424246 181796
145595 337403
338275 410259
430165 10439
380102 206388
487886 410509
169108 249531
30530 183442
340597 382277
250016 404116
349506 233363
266857 19740
5709 99727
122004 283788
86146 155944
224124 85862
311320 125962
114801 440103
210406 362063
284991 54803
200869 176423
303043 214042
69857 323886
269499 417544
252881 390374
122217 61072
215908 431681
423466 306399
227890 57024
379556 7510
449855 55572
59671 255781
469479 434577
121407 493220
139306 156318
15067 407404
121121 127808
28168 132854
122160 486517
468818 338108
251469 110612
44648 288237
485255 196690
469262 463647
101331 34598
455988 304718
38113 454170
177444 262000
155274 2900
168623 237878
439650 195703
105966 453197
59593 233124
214396 61721
428287 383917
282855 146785
357662 278297
79640 113305
146621 382903
300326 404048
143359 129354
379018 192207
69544 196388
275599 300903
267142 479265
439567 468269
448623 289996
119419 240796
