165662 296709
196199 244328
487602 172815
152635 474848
279303 88967
392432 41757
434922 8015
58213 279194
271321 308668
484142 312391
203832 326877
468082 251087
109902 488105
490789 385680
29577 315067
239837 24128
439593 155835
55907 483632
238435 217434
11974 18187
18230 241262
424837 322591
341208 24471
279346 251076
44878 499242
89628 49619
112172 12175
363449 167936
251667 117858
448642 399600
331067 266558
76787 286089
121246 49237
301233 377441
208814 197544
489878 90821
30555 37279
377855 346402
83669 391856
191603 294513
191598 484963
155392 222319
458099 295059
80034 222045
272122 365900
159438 26562
487222 441838
222066 164761
288449 380334
133823 126116
355787 211378
308176 438486
379935 160269
206783 456151
33829 204805
426390 467709
195367 457324
349719 76253
373592 348588
29917 25945
50155 140457
492805 427448
208934 316458
64270 126919
461509 83068
35871 136610
423510 387025
30994 461586
451191 164176
234310 215638
392857 373676
436067 274544
228649 204819
243842 289656
177733 476183
280098 46491
215751 451266
87696 20195
354584 474910
433107 86630
91978 310524
53485 456244
230684 131685
336359 298595
341362 201526
262946 17922
44763 267672
469230 157425
391643 302165
71317 383921
293844 429971
108607 459431
240535 235461
229699 186474
365128 96207
453059 100971
211819 309303
446128 9529
412694 373610
381925 301152
385544 101695
298516 256289
128533 3061
400592 16465
134 132209
146813 421365
418871 401147
461044 412649
95765 360895
9185 12675
444864 401418
493902 283957
303713 275591
43807 450091
3805 499675
358320 23687
261418 364429
431645 46117
146203 433940
30284 197338
465080 118498
10185 243017
2858 499367
153524 108950
220982 64590
157107 114304
95479 81420
209676 236758
460993 211413
137863 209113
394727 82549
109016 380944
255685 369634
395553 358014
126222 408233
110904 389047
157578 225109
57047 187329
45457 131035
104027 137407
406382 395405
466183 122931
79276 349620
62111 385046
253319 256975
5842 13172
14714 330777
180790 166069
377835 416619
211140 240199
10081 442723
429236 160459
124830 38304
178163 149509
277838 102544
399700 183494
282372 386274
28239 58484
79155 188143
362151 258671
132011 99353
241417 344173
375357 293104
344882 278936
384470 330454
22516 110200
109299 196974
401168 220660
60217 21058
354003 328338
368620 176821
232181 184038
326194 421920
31805 467039
2980 477797
401073 37941
120559 121384
484717 276717
409998 146829
466696 162341
100774 110647
121469 63124
170527 95622
374622 273098
315944 312162
439372 4819
316341 372480
363955 466729
362678 260393
485115 305185
34478 210681
171634 210464
274345 433649
29793 15164
219494 246158
409457 286705
5011 485575
237109 327350
28019 330016
249354 490356
428811 341860
325478 269072
296707 242578
115109 357224
418339 499478
176990 77961
150515 66932
418770 315190
419226 432194
462196 348835
431769 65605
213787 431746
111274 486011
425321 297856
65787 60656
234270 417664
380258 490072
481949 410041
482592 175772
443747 93796
119505 285722
315067 161699
498981 246221
390283 63724
75243 163560
80712 271383
81970 394051
228186 283488
129626 172200
391374 132309
143999 468458
23722 289716
110404 35337
49322 457721
346514 40491
321278 344308
298042 291947
17780 233842
220674 307383
495830 203407
141802 464672
24579 181888
128511 300991
81048 9933
493434 437752
497820 318749
440420 4731
5453 402276
204345 339303
231884 245042
131311 363926
33662 239790
188099 2338
424655 24961
84349 113486
143886 92990
371175 151092
449536 109762
477593 102555
449659 452887
83020 105663
237921 111587
247159 283289
185226 66112
33754 188359
446668 366852
140973 415121
203355 26080
125696 499608
18536 5008
369305 127605
236504 461477
144300 364685
387295 304724
89719 454528
431484 419786
75703 248147
348563 327392
5430 23504
200036 43806
300806 162974
251816 191982
342525 316183
403337 497041
195911 83397
54790 444528
281005 409167
242608 445019
110205 414495
68051 491399
404385 333001
192303 316168
363166 10879
155178 492555
244285 3102
98556 460343
58177 406767
246749 481271
216732 417162
218815 359866
114721 2981
394951 123119
175807 381260
29361 222017
335859 347276
417522 72756
479706 425497
314820 244055
116187 98522
346265 222940
339145 264810
172117 132905
89346 486769
133082 138551
327086 291939
348513 483769
175219 302381
87183 103414
354857 449699
421610 333095
189010 488727
189600 355213
277806 20584
57099 372045
171359 428521
107753 74861
413667 459844
214754 465796
27121 482616
449815 349934
54296 174546
39417 139146
351897 109060
469672 228096
99321 440196
211821 478966
471895 161608
5928 216195
475078 413658
178690 396091
71858 7640
471504 395754
11569 364767
95661 355931
78219 169342
117422 495009
373371 382506
41770 293042
199412 321896
72518 448191
397522 268504
149775 9010
267571 206074
283305 126497
341862 367336
407815 290790
371621 301597
390900 204337
440272 490685
446292 61889
107183 304061
80820 246337
331835 20652
35490 354308
349384 407184
247650 140648
112644 206365
247413 400888
174122 218306
288080 366419
208708 106463
235397 478761
398799 37342
45723 316466
273305 360767
247198 39138
477371 166978
363884 265402
288857 20333
108920 135150
466881 136309
210441 206934
302630 109979
324361 355418
244445 475595
379292 311016
250643 385481
447238 144376
324403 414799
441564 77567
375496 214903
228328 417300
361499 243700
13283 175978
226192 29126
329833 63339
146770 345124
337318 467328
415522 317549
117064 148277
390676 437210
332605 304262
446719 165880
484585 243732
295181 263484
262892 55920
196878 429907
291560 34761
375934 121878
381345 19307
178396 120964
15428 106359
439700 178146
193942 523
42845 435440
218353 477563
272437 259507
372223 231769
340840 188572
196722 207239
182272 439155
298086 104685
140829 230261
18054 441440
192633 78395
344309 135367
210675 187009
394221 27173
154324 315327
340502 442103
343116 121393
32114 213304
377415 293895
371497 368783
275488 474734
236651 229027
223955 325381
370356 421277
482446 394457
400406 452769
146230 108038
429688 274590
480384 372750
339105 498259
13642 277374
306886 202930
222496 175024
132133 84219
330948 8000
444287 140748
406940 232953
17748 495526
54677 316205
261846 26074
102793 105334
129336 365494
376856 430362
481990 480783
346872 159512
157357 167831
397753 368419
56487 226062
479 383166
328292 315118
369727 268743
21676 172513
340669 146970
15972 174643
273588 50464
209475 9934
335586 142793
338333 269138
65880 434644
465838 261818
176939 296862
285541 214154
483548 231942
380151 152717
101905 107011
10046 226823
7350 118336
460580 54610
3160 239961
465588 448963
426329 29196
374670 327778
431345 10172
185950 44724
49797 357781
46562 222897
324449 412242
403529 355288
229822 458827
405836 40685
33085 301888
98791 260967
333104 79601
96570 498867
281421 44408
461809 185519
192739 246908
315751 442419
426251 402680
3198 220899
8297 397068
110209 154131
227085 343869
99711 3640
304581 300958
363515 78320
381580 151187
289241 243865
182343 100407
489196 297175
465144 107911
255563 292636
40763 109990
14487 90456
322673 126582
12870 107602
43816 158551
309861 108552
384674 407193
177334 125144
148638 299278
90288 76407
495357 161125
289032 72661
9189 397123
350909 136923
341899 77579
126571 90471
355174 227937
73867 210794
293069 119482
25243 319447
464454 419081
43186 296107
419268 113770
124329 159474
268713 371712
253791 252273
329689 471347
382949 497164
191330 307022
314640 479955
222435 17083
457978 212046
97564 108866
461594 54518
280403 296236
427353 69432
88429 459883
311743 338010
357148 144383
483740 82557
250405 442768
231375 155823
79439 135256
292715 268054
403566 444882
26728 223912
80727 140050
419688 251059
172006 418004
484568 81333
33414 489360
4405 368112
401092 484742
190431 398254
261407 436745
445710 417216
97999 169812
62295 314062
455720 248389
471494 471333
123666 112779
4695 151297
65085 326954
160737 256002
172777 213785
69131 156728
37215 395260
101124 458661
265454 172268
51766 210044
448548 41561
14447 280620
414394 211954
215345 294720
360633 198442
276739 201294
180525 445562
27275 244366
105874 283570
430181 42678
352715 278623
400518 175961
188095 227436
439198 412258
18175 282025
404294 398869
172615 358489
240418 310042
204392 221123
139330 238750
247036 72180
424186 304931
437925 337002
331714 479755
117199 113290
343691 227098
226592 121924
65359 428007
284705 447647
128297 223737
22367 269462
370271 86159
58621 253019
25404 474034
232740 347729
385655 304429
449610 353865
476197 109472
32649 272711
276327 45462
79329 350525
236047 381344
452551 76873
357488 335086
160129 247339
38960 422378
189571 266417
371507 231678
279791 77386
411352 441081
347846 1710
318846 203220
178686 398592
111954 95361
367022 364751
264904 149678
79249 175521
64898 479703
416932 122516
163 359203
84169 378976
462073 34102
5664 284983
455682 14926
486285 68340
149889 356669
315175 116421
458903 411152
84251 150793
305589 294869
413952 96374
265216 254968
307308 171820
387611 463841
121716 352185
486446 352667
204586 416132
319444 406450
482688 113905
74558 410763
47713 361407
370679 380417
137619 445306
443135 366134
483015 442776
350910 194767
84687 29737
2513 204543
312555 161602
395494 174069
314733 394345
211497 282600
400560 377330
346565 388384
484432 123045
37794 93654
207168 402452
63550 53909
72178 24909
176602 331844
188446 485177
280205 172116
162618 457316
56782 324899
153495 135751
139290 288689
96626 156979
450623 236736
272870 498744
375605 407336
150026 284098
115233 291666
235340 186230
446977 327058
485524 160678
173403 157504
270809 256927
108702 414531
23983 192887
401093 316282
130259 88375
243339 308732
443579 79279
215898 476212
33658 238089
333533 188036
374209 132897
178506 460909
166228 221189
314652 23010
440960 44718
407010 370706
304808 235023
141132 81371
328083 7443
356370 353481
58628 128073
79979 497194
383655 406379
471325 171167
209699 389200
311825 448156
139360 337464
119044 316162
26514 381965
378528 25352
20865 484992
183810 253904
254863 124418
101774 50786
386055 384003
156085 317509
295732 191406
24831 71283
95156 162202
240775 306008
437534 144442
497358 338690
256232 114584
386233 144356
359910 89652
254723 108083
329955 141915
314516 92118
110787 83692
209599 346292
264858 475944
63529 197816
201079 99265
404979 68907
481937 130263
147479 313937
339261 171736
6651 232017
73186 430198
413493 335126
498835 243591
450711 404514
216667 446434
414964 213286
449183 46072
132917 305429
477651 1273
25781 140342
414805 328824
238991 494405
361080 199327
168449 486870
321622 387537
330856 290540
12935 374925
439713 150478
326590 426160
182093 7429
80656 284771
357065 72805
122025 31340
203630 111593
89000 172730
249196 438857
367186 486729
151830 393369
360459 189492
180148 54696
439608 235289
429160 459189
484543 451677
259406 259909
351202 310892
144438 24100
53528 93411
63402 247683
279244 248708
171800 387255
75587 132026
459645 40207
470861 472853
330038 71999
288429 239115
179775 33516
472191 100449
81707 175009
240604 162579
245061 232043
439378 43195
367039 281434
216905 291322
289051 457250
471079 402582
272191 279093
75082 486614
343460 185394
64881 250578
164915 469058
182123 199257
36575 8869
444747 347113
277507 178227
491402 481313
188333 209006
459203 449197
207282 2782
141542 361367
151849 300692
162164 141416
177604 214203
470872 273469
235497 137251
36987 236587
66258 194525
201137 271164
349812 98600
319809 358234
172862 307287
425682 285723
208240 287270
390238 154179
53226 337666
473074 261096
313747 378142
188568 98188
416577 75338
484503 469549
434420 493742
331863 263850
254321 275135
439099 392853
232256 437673
135846 170446
106788 199419
259606 393195
309029 266997
276201 253404
360515 234332
354265 351753
462580 217907
97506 218288
207155 484709
7790 96852
32514 365462
389215 145440
337901 116754
309147 90922
217134 240166
36549 409712
437711 307656
298748 386139
57567 216257
264782 53891
334188 188541
264971 1278
243912 338614
103220 474464
11247 370026
55553 382190
10242 70492
95185 448751
412250 103107
183203 332992
440966 173200
411361 142871
385773 206064
467144 357251
406576 338609
191418 40614
388350 230129
349347 169339
444352 218045
104459 271114
208136 165073
53491 163338
28193 232198
382023 329867
161482 421960
482978 355675
220669 50049
376129 305158
238774 407028
439747 117723
344827 371771
335206 45780
362968 473981
379967 397193
368170 130848
388214 497340
451339 333660
362441 435612
206128 290227
267401 429628
13582 69245
146693 228378
457953 202915
337171 60271
375332 21866
69241 275842
320953 400139
401624 142966
335933 491905
279486 419359
17935 165054
240108 178818
454709 138517
471847 131312
33971 7584
229263 465087
474669 153701
31972 325848
384049 114314
87120 364667
250597 122520
286510 85056
322005 380902
190626 361624
485077 496822
165935 366517
492206 181867
197823 486156
398822 467045
433798 493166
425704 293460
65727 290915
389973 310683
324034 2303
84912 143793
166595 181144
185286 232645
325451 59776
391448 298353
165696 427468
478061 355114
274982 259851
133890 384958
72232 178968
387468 6499
262380 244851
161577 111961
415679 429795
90184 402335
305924 441203
461157 65160
32179 169623
120248 475017
95833 312794
62388 69231
165975 384866
400917 102118
354915 492949
461499 71869
229557 225449
63995 426147
216416 4773
314274 22354
133188 204558
451094 407308
86799 199672
24911 310687
241956 92308
75033 157457
302091 417227
359864 200656
94961 57732
8476 497319
419838 199994
261451 481187
149547 30453
217749 493041
296525 239436
274202 306363
283930 196569
144324 405981
48565 471114
300199 328317
335299 102231
155656 6884
272551 235696
146733 498143
44256 442743
155773 172696
39323 271775
334488 170416
283294 97968
196604 39373
271274 101527
140099 400993
475989 107930
1417 232976
156247 75465
217450 61358
441649 290493
318524 216292
126781 418762
349984 182697
294266 486546
257301 390652
218789 227578
408914 111328
420691 32268
36881 155778
249139 373045
181442 256923
324401 465497
490160 47206
43683 316417
52146 249878
190193 116202
445000 462193
234823 61933
231981 292625
279325 228204
303378 61509
311122 321476
28115 22770
261092 360899
226267 167166
395598 108210
392806 156623
364401 186070
469379 494300
197396 411017
320998 144676
61447 164257
156112 212533
267604 189495
64221 444362
467215 499236
161112 34460
489277 270443
136995 31319
327538 263339
14112 158402
40845 101922
386341 144817
2020 422553
97488 256744
226665 33009
293588 300091
442438 47766
373548 278672
132313 163381
399598 217531
430479 325601
194625 294886
381508 185419
355063 82685
460672 88810
474923 84569
495003 160555
236072 12290
459068 444883
182053 14796
330414 328496
396029 227180
240713 20769
193225 171307
284993 105594
319979 330032
347967 92893
355079 213368
76524 125970
429607 373563
165155 78933
32263 126605
463344 4974
323637 78885
288975 318521
150728 290298
329769 15703
374850 485449
96618 288891
487229 60100
375609 253236
347431 258913
236819 419066
65159 275695
384601 357817
219623 140589
370614 110949
83442 92838
492800 440781
239011 59092
101644 203988
97666 453798
60823 356559
301686 21189
153803 464537
463864 28994
424502 66062
255345 95590
265260 299557
484830 259696
330910 66836
27109 8953
373501 131897
401496 321464
152527 472602
378809 275984
131591 329018
311843 405632
24197 470937
256484 62757
442069 472536
157485 127684
91958 55868
10343 468580
465391 350048
463833 301884
280571 334203
177060 9936
232611 59588
390524 389429
174143 478667
252194 486145
439246 204323
149087 448459
441162 370049
73883 266470
202703 272450
459016 163894
346219 422283
477624 286736
566 289349
110131 402855
426931 38809
137682 59671
371874 8870
239674 383069
434338 316498
348540 268887
463581 123477
93772 452597
368722 158831
387737 415197
443398 437005
70184 333700
373398 133418
262506 62356
299279 21633
313391 377206
16238 132731
430244 493816
254088 463340
364485 101337
338549 107620
379024 334596
351819 184039
251964 458657
199603 406864
174276 236016
2802 241276
292177 173367
94001 274353
69875 428973
202746 113117
401922 499594
456789 356362
480513 32
107245 342246
314224 230000
143989 482289
271574 246717
229495 79248
351714 57480
232318 497939
334621 222402
387691 125495
411239 203300
110968 422071
114169 122899
73524 441207
456530 374700
231331 154659
34339 299071
189973 349927
255793 85797
354312 140736
164238 383874
153149 222500
30075 33497
487424 296619
234064 361410
263239 156494
149616 364797
365711 24929
348310 119424
328310 415925
257494 494579
72361 495923
26793 34085
82140 171051
15783 402749
417403 21434
85718 47901
363885 337984
195237 284145
74751 296491
216710 53623
197134 168717
90864 74654
366723 62024
68900 311377
475268 292734
72291 267603
23661 415316
100593 306163
139745 298707
322587 44331
465878 295936
281141 259267
477278 116542
468716 308514
441528 346043
154370 272639
205937 265448
124597 406060
48204 320790
392499 209414
160839 372154
495582 257641
187781 168893
308309 337038
57188 62285
50782 318736
73406 94366
80320 430659
356671 228119
189156 356245
166107 191634
98944 27463
141058 195284
203736 28392
247410 1501
89757 325093
465508 15400
469217 101823
177779 211745
358274 423150
211943 122103
477700 342679
22874 497540
492057 209669
207650 984
409214 332331
91511 48637
331951 84775
484197 215976
292029 104650
441692 434378
392107 234430
118843 353410
140831 288900
263315 360828
94458 183960
102675 142252
103457 91847
187085 181020
371369 230167
208738 282183
444333 59364
458795 23458
427409 274093
377101 269255
476903 302095
22084 100100
106318 363737
234299 205289
338261 135756
42006 161845
365573 266970
389545 174561
355817 174099
234318 7122
234754 207293
467581 233542
491537 427074
20438 353632
70604 333028
5857 429006
259263 463626
464287 248789
4257 439574
33293 257773
256818 287047
37942 156157
365280 486395
199894 250702
376588 434974
237060 474382
250657 136911
6825 260960
88554 75343
105053 196782
82544 230736
50391 394296
335066 218253
97747 350101
409560 264600
350877 283975
152186 379647
184073 13257
130697 453666
415452 143038
449659 49942
253258 286092
257251 498616
202909 406837
439962 328838
403456 390252
42943 24999
134699 449056
175181 130949
324727 243923
196891 479914
29422 319069
222215 466468
350118 335620
238645 311363
376998 270665
293804 153748
137895 322688
250081 448358
372182 493422
282912 402602
342269 266121
316303 478012
79408 92945
95055 387273
354513 22833
334485 374556
413635 302368
199322 23036
288501 201345
173889 366441
485878 437256
444466 486982
480652 61338
354022 188114
30340 192045
298346 479280
287340 490628
428095 396794
411280 494079
300843 197703
23346 218358
149944 286330
62544 32176
325744 156724
115743 167572
64015 329966
434631 190633
7048 469323
315948 299342
340908 256750
20417 313587
308152 214806
110263 119688
410256 489598
359004 116712
300307 9277
398698 115293
245251 159634
339004 205842
45325 169638
493421 115269
202312 353200
188240 387838
49885 2693
214462 19365
472268 101648
391709 180961
238196 100376
397143 140467
497234 318739
232609 280835
14892 361533
67175 309431
204284 140191
498442 388718
365002 422996
110118 461562
45751 300447
298404 216326
349777 302402
457125 497791
402662 116581
383270 262044
65317 22882
298441 239367
293136 286800
493457 191150
366905 52529
430042 419028
257856 38832
79668 235896
226146 241689
102431 427446
55801 25037
333953 492375
69970 65432
410606 182156
107763 287952
411207 82800
62126 352686
28610 337025
364940 98414
31804 131400
474993 106234
420015 139566
344624 355163
303574 161070
421135 368853
351887 52702
149750 108215
478411 488161
70134 217823
63399 193292
239728 290365
278365 6673
420135 296400
109325 154260
150774 104555
223842 384279
381739 69652
62356 1310
478424 56803
189850 281176
101990 224887
186091 138337
6802 358786
240525 231016
13011 20195
493508 268955
46308 323195
349540 45330
213475 368803
109505 348685
451102 352503
198681 156542
143553 120608
180740 277477
141965 84849
129830 59145
100922 70088
351476 155991
206399 320373
70997 457561
263174 437178
13995 204532
342415 338566
419855 134374
204408 285374
301987 21491
331427 61338
186787 149027
334312 407492
32526 392844
418694 44628
428287 457491
56004 351472
138727 432596
487952 20146
72544 268051
7723 11007
225036 143978
225069 466331
204737 1480
201382 345518
81354 133773
365682 408449
79542 21739
115044 301595
55431 3741
271522 156083
4463 300343
323669 308756
284167 497103
286667 404275
51950 203384
122246 278651
281121 325009
109588 476209
217227 266419
328631 413670
50998 259075
39017 195058
223536 364403
389490 131603
359263 433441
295038 455212
155808 78612
65382 214559
29146 2830
120055 349482
134070 399530
391588 41087
50887 372382
219192 379434
479148 315677
71248 430544
25326 446762
253306 114048
36823 130709
173685 141283
168382 459764
204493 311422
480863 88573
126772 480861
436049 321280
430807 467823
491922 418768
150447 479634
95120 445176
13268 253698
475190 133144
446882 264989
56689 293007
371773 129483
60601 140366
394817 367605
107863 276697
339750 132299
460234 214886
143570 21078
261623 180771
16590 187366
224117 366902
52698 162225
311544 163610
258030 93970
88217 482619
431481 270467
323355 375434
91584 205017
296535 369996
407923 163200
458804 181068
237697 265506
153408 148326
316089 75477
431284 434760
474901 341065
402146 138033
386703 35426
80152 238542
23387 491085
362711 345526
496420 497558
478442 467799
436919 80206
430408 455079
101776 279436
485383 51916
186444 193722
289301 142077
367641 472762
216252 415786
227311 357453
366775 201755
392192 238237
310242 123501
68344 54721
215492 485039
52932 145671
31856 455544
13843 68680
478718 437085
153731 335736
493755 499210
289010 116889
79619 232832
265866 438744
350730 493226
488193 280490
50907 214330
324082 175741
