5954 666
3121 9837
8311 4469
8881 4543
5179 5685
2992 5270
7363 5519
5863 1648
9070 8517
8461 3923
2172 9805
9695 8060
5877 1433
2168 9229
85 3849
8722 7260
1 5823
620 3728
6318 7849
9338 3444
2459 6910
5802 6705
5599 8719
7319 1007
7454 1289
3146 2041
1585 7248
9875 3266
3359 1834
8725 9867
2627 5498
8877 9184
2897 9538
8620 6800
9775 6638
9705 4825
2008 4286
9670 9937
3799 7683
5304 1196
4054 2057
5800 3987
941 8171
8994 5487
1014 4914
8093 2962
627 1441
9311 4451
7770 9035
9925 5173
1 3025
7440 7365
1276 1335
636 5934
803 3883
7339 7722
1105 5163
9290 4870
493 9260
7769 9914
9097 7367
8400 8924
3559 4291
9200 471
7458 4424
1823 6965
456 2762
4231 8171
8147 5721
8402 1618
5346 3403
1114 4444
2132 5406
8347 7559
189 4036
8725 3692
57 3286
6379 9270
9245 1276
9368 3179
624 4875
8103 9193
7549 6276
8970 1482
839 777
996 5793
7861 2909
4434 9630
7313 8511
7941 6322
8006 6662
2275 4538
8412 9137
2341 6781
8206 8512
8113 5402
913 1838
6267 4307
3519 5548
6452 3531
