458277 239966
211065 414592
341215 51440
312052 498625
375749 305175
253224 319346
447557 303849
318426 166603
499047 109308
417038 298742
205450 41983
110706 240975
463690 69091
234215 116156
274051 137876
73091 31558
42610 204359
402463 234961
454084 463064
367095 119171
176324 235765
315422 213582
481290 309175
2598 207714
398195 168732
418126 66250
211455 373310
61824 414534
233887 79578
333096 429986
7205 432795
292197 273350
446138 367028
463106 115981
445341 167110
13195 140617
241151 326839
349574 94114
397049 226547
496734 3692
231722 8186
181269 352989
454438 243827
273895 436971
428560 77799
86206 484579
41140 269279
252774 457759
256370 343120
258473 136774
55263 121626
290834 19210
5055 427565
297436 99283
61112 45180
427803 366884
49217 62695
397812 84514
431018 385667
318570 54325
289587 1032
91617 30740
290607 498155
80315 192965
445367 220952
268139 142497
461029 28003
44114 296164
414907 50807
444003 312322
379479 24803
13376 64655
7962 463216
460380 433980
423918 242478
40199 454235
40170 159315
359547 26842
394658 85210
278433 343084
201998 424885
169151 275872
68563 254442
292661 386445
414480 363153
308600 25590
255492 416459
35456 163270
465406 322504
23128 237113
173464 196004
307986 227841
473980 84388
156043 476531
142349 26396
8741 46375
203893 353584
225410 360276
58691 123058
243803 195002
42371 292617
373677 237141
469332 324001
206417 208488
222429 381760
295311 28847
66799 150056
169111 63743
189782 438924
284980 479931
199011 407689
62376 804
158878 78499
8268 66970
348450 3191
473993 362813
166076 466360
349910 344523
183706 128392
207088 497127
314353 112272
17959 439211
79984 351716
296973 477694
428420 99896
52220 40424
20899 354142
17569 484329
350461 40489
303811 264831
416831 460874
98892 57006
422719 360379
63849 257998
167537 9284
38262 264867
156736 213434
335 287249
129795 267903
121087 93138
224856 191335
424745 321456
392037 173634
27136 199418
361705 368666
130711 6239
197325 182018
412348 246664
446339 321146
107565 8694
434421 217355
464467 28788
356031 438752
273580 442769
445509 404826
384320 233098
167266 149058
317002 322938
352181 77683
184613 323065
221707 104419
20533 423067
68098 28810
150445 293253
375089 93088
460100 285534
485938 348281
221561 265675
57153 246294
127869 21712
263725 490413
260799 385122
434842 247074
13564 9478
98359 326856
37875 61715
259328 245762
296048 112921
127100 196481
413041 295086
228381 368208
310591 3583
432669 127870
79050 154285
294599 78175
335903 71466
403546 187414
67246 186445
385317 243801
118995 45511
396563 383223
218405 86095
238702 345507
58253 129841
422486 229555
452067 252088
211863 228533
405874 5673
32220 29157
422779 335201
442137 411985
6610 106400
20697 26657
24250 182659
8355 324821
22273 104001
84826 290740
399775 92215
319832 417613
153511 437027
243304 424182
481252 110331
200300 86629
494224 101675
427290 242013
412795 236011
176701 431294
377339 462402
175296 385075
51913 54888
266364 185473
271103 364691
201115 383833
486905 23822
319201 495551
193497 139057
194038 348859
306891 391426
13202 1964
348700 20397
262625 279392
33900 423219
342368 100069
317751 22349
472643 310187
151257 63569
354263 494073
216340 359164
19215 355035
431513 27451
264983 27272
319795 100003
174473 359036
354325 18400
353815 167812
68829 91929
145637 252351
475404 36112
54001 446518
442451 433617
470606 192597
398373 331046
218389 219744
89352 365450
343947 124660
344631 333425
163258 361491
242460 490708
258139 183063
401778 49863
192763 42536
149527 455713
438530 42572
65036 66366
83828 403306
69341 284330
166921 432487
498757 417514
476247 362025
383102 119913
221377 236966
485537 39142
440160 24709
268141 472428
172496 167342
195380 44604
296447 315482
225412 401959
244130 19157
425806 23872
94149 165549
479724 43524
232815 150691
328512 204691
171648 183483
431393 288231
115424 254711
338346 392859
226542 253463
268047 499537
476440 281478
104321 185166
37641 495326
166253 24241
103063 378302
474874 165498
58476 442246
424783 196409
199189 437126
118320 30515
309706 419370
301646 193510
464420 496035
236289 479117
255344 259608
58365 477494
231004 330761
295123 333952
287471 327220
296658 450401
60386 307476
354264 188779
63280 290851
68674 235184
21437 408562
52871 393835
36606 283798
328844 301686
6248 276846
94950 75417
445920 356835
307551 397665
473777 395642
461715 386052
378224 82448
248618 123890
336879 34706
151807 280118
79230 375559
173674 434234
497584 491612
496915 472013
274401 104012
57765 53640
197730 57989
416304 237384
489501 111851
233855 45292
196587 95851
235660 55863
102323 332226
239362 459306
189570 421144
366289 9637
326989 231235
385514 460237
18942 3578
339075 277557
73236 496367
497704 10577
439506 144018
187353 248452
371242 44207
35284 330411
444655 202683
206317 85227
371753 162289
105278 90725
431582 361165
190246 165640
239830 280310
162357 422791
136863 427454
149008 473250
397123 492193
322869 137873
374268 395197
228100 171721
272613 440592
324936 84810
222721 16401
478731 129648
179540 374281
499018 409103
130314 8148
175470 435279
178350 4083
434926 425936
128858 89798
338535 474370
285276 226445
315294 106143
93461 124071
422241 420323
337710 266111
152427 135783
83231 394479
216423 316552
473463 250748
81005 429020
122775 86284
396556 198356
209065 471973
202637 155702
300137 85746
370609 404644
47731 29795
358916 130422
307809 457552
14986 374902
