493 9260 941 8171 9245 1276
8402 1618 627 1441 9245 1276
9875 3266 456 2762 9368 3179
9875 3266 85 3849 9368 3179
9875 3266 189 4036 9368 3179
7454 1289 624 4875 7319 1007
3359 1834 839 777 9245 1276
1276 1335 839 777 9200 471
5877 1433 839 777 9245 1276
5863 1648 839 777 9245 1276
4054 2057 839 777 7454 1289
3359 1834 839 777 7454 1289
3146 2041 839 777 5877 1433
4054 2057 839 777 5877 1433
8402 1618 5346 3403 996 5793
9200 471 5346 3403 996 5793
8093 2962 1 3025 7861 2909
8402 1618 7861 2909 624 4875
8093 2962 624 4875 7861 2909
8093 2962 85 3849 7861 2909
8093 2962 189 4036 7861 2909
8970 1482 7861 2909 1585 7248
8970 1482 7861 2909 941 8171
5346 3403 627 1441 7861 2909
9200 471 7861 2909 493 9260
189 4036 620 3728 7861 2909
57 3286 456 2762 7861 2909
9245 1276 7861 2909 2168 9229
9200 471 7861 2909 2897 9538
9200 471 7861 2909 2168 9229
9200 471 7861 2909 2172 9805
8093 2962 941 8171 7861 2909
9200 471 7861 2909 1823 6965
9200 471 7861 2909 941 8171
9290 4870 9925 5173 4434 9630
7549 6276 7339 7722 4434 9630
9368 3179 9338 3444 4434 9630
9875 3266 9311 4451 4434 9630
1823 6965 7313 8511 8877 9184
493 9260 7313 8511 9670 9937
6318 7849 8412 9137 4434 9630
1823 6965 7313 8511 8412 9137
2459 6910 7313 8511 8412 9137
1585 7248 9200 471 2341 6781
2897 9538 2341 6781 7861 2909
8402 1618 8093 2962 2341 6781
8006 6662 7313 8511 2341 6781
8402 1618 7861 2909 2341 6781
7313 8511 7770 9035 2341 6781
7770 9035 7769 9914 2341 6781
6318 7849 7769 9914 2341 6781
5802 6705 7770 9035 2341 6781
7440 7365 7769 9914 2341 6781
7339 7722 7769 9914 2341 6781
7313 8511 8877 9184 2341 6781
5802 6705 8400 8924 2341 6781
5802 6705 9670 9937 2341 6781
5802 6705 8877 9184 2341 6781
8347 7559 8206 8512 2132 5406
8347 7559 8206 8512 1014 4914
8347 7559 8206 8512 1 5823
8347 7559 8206 8512 624 4875
7549 6276 8206 8512 2132 5406
4231 8171 8006 6662 8206 8512
3799 7683 8006 6662 8206 8512
996 5793 8206 8512 9670 9937
5802 6705 9097 7367 8206 8512
7941 6322 8206 8512 2897 9538
5179 5685 8206 8512 941 8171
7549 6276 8206 8512 493 9260
4231 8171 8206 8512 2897 9538
4231 8171 8206 8512 2172 9805
3799 7683 8206 8512 493 9260
3799 7683 8206 8512 2168 9229
7549 6276 8206 8512 2459 6910
5802 6705 8206 8512 493 9260
8147 5721 8206 8512 2897 9538
8147 5721 8206 8512 2168 9229
8147 5721 8206 8512 3799 7683
6318 7849 8206 8512 941 8171
6318 7849 8206 8512 1585 7248
8147 5721 8206 8512 4231 8171
6318 7849 8206 8512 3799 7683
6318 7849 8206 8512 2459 6910
4231 8171 8206 8512 493 9260
5599 8719 8206 8512 4434 9630
7549 6276 8206 8512 1585 7248
7549 6276 8206 8512 1823 6965
5179 5685 8206 8512 4231 8171
4231 8171 8206 8512 941 8171
3799 7683 8206 8512 941 8171
5179 5685 7549 6276 8206 8512
8620 6800 8206 8512 4434 9630
7549 6276 8206 8512 7769 9914
5802 6705 9775 6638 8206 8512
7313 8511 8206 8512 2897 9538
7313 8511 8206 8512 5599 8719
3799 7683 8206 8512 4231 8171
5179 5685 8722 7260 8206 8512
9245 1276 8725 9867 8206 8512
8725 9867 996 5793 8113 5402
7313 8511 8113 5402 8725 9867
7769 9914 1585 7248 8113 5402
7941 6322 8113 5402 7769 9914
493 9260 2459 6910 8113 5402
85 3849 803 3883 8113 5402
2897 9538 2459 6910 8113 5402
8006 6662 8113 5402 7769 9914
8994 5487 8113 5402 2275 4538
9670 9937 2275 4538 8113 5402
9670 9937 636 5934 8113 5402
9670 9937 1823 6965 8113 5402
9670 9937 2897 9538 8113 5402
5802 6705 8113 5402 7313 8511
9670 9937 1 5823 8113 5402
5179 5685 8113 5402 2168 9229
8400 8924 2341 6781 8113 5402
6318 7849 8113 5402 8400 8924
4434 9630 2341 6781 8113 5402
6318 7849 8113 5402 7313 8511
7770 9035 8113 5402 9670 9937
8103 9193 1585 7248 8113 5402
8400 8924 996 5793 8113 5402
8400 8924 2172 9805 8113 5402
7769 9914 941 8171 8113 5402
941 8171 1585 7248 8113 5402
8103 9193 2172 9805 8113 5402
636 5934 2627 5498 8113 5402
636 5934 2132 5406 8113 5402
493 9260 996 5793 8113 5402
8400 8924 2459 6910 8113 5402
3799 7683 8113 5402 9695 8060
4231 8171 8113 5402 9695 8060
9670 9937 2459 6910 8113 5402
8877 9184 3121 9837 8113 5402
996 5793 2132 5406 8113 5402
996 5793 2627 5498 8113 5402
1114 4444 2008 4286 8113 5402
1 3025 913 1838 8970 1482
5346 3403 2008 4286 913 1838
57 3286 913 1838 7861 2909
5346 3403 456 2762 913 1838
5800 3987 620 3728 913 1838
1114 4444 913 1838 7861 2909
1 3025 913 1838 9875 3266
57 3286 913 1838 8970 1482
803 3883 913 1838 8725 3692
2275 4538 913 1838 7861 2909
456 2762 913 1838 9368 3179
456 2762 913 1838 9311 4451
456 2762 913 1838 9290 4870
1 3025 913 1838 8402 1618
5800 3987 2275 4538 913 1838
1114 4444 913 1838 8970 1482
57 3286 913 1838 9368 3179
57 3286 913 1838 9245 1276
2992 5270 913 1838 7861 2909
2992 5270 913 1838 9245 1276
2992 5270 913 1838 8970 1482
620 3728 913 1838 9875 3266
1 3025 913 1838 7454 1289
1 3025 913 1838 7319 1007
1 3025 913 1838 5863 1648
1114 4444 913 1838 7454 1289
620 3728 913 1838 7454 1289
620 3728 913 1838 7319 1007
803 3883 913 1838 7319 1007
5346 3403 913 1838 9875 3266
5800 3987 913 1838 4054 2057
5800 3987 913 1838 5304 1196
2992 5270 913 1838 8402 1618
5800 3987 913 1838 5346 3403
5346 3403 913 1838 8093 2962
5346 3403 913 1838 9368 3179
5863 1648 913 1838 8970 1482
8311 4469 913 1838 8881 4543
7458 4424 189 4036 6267 4307
7549 6276 85 3849 6267 4307
7549 6276 189 4036 6267 4307
7549 6276 1114 4444 6267 4307
7549 6276 620 3728 6267 4307
7458 4424 85 3849 6267 4307
8311 4469 624 4875 6267 4307
7549 6276 1 5823 6267 4307
8311 4469 636 5934 6267 4307
8311 4469 2341 6781 6267 4307
7941 6322 2341 6781 6267 4307
9775 6638 2341 6781 6267 4307
7440 7365 2341 6781 6267 4307
9875 3266 2341 6781 6267 4307
8620 6800 2341 6781 6267 4307
8206 8512 2168 9229 6267 4307
8206 8512 941 8171 6267 4307
8147 5721 1 3025 6267 4307
8147 5721 57 3286 6267 4307
7339 7722 996 5793 6267 4307
7339 7722 1585 7248 6267 4307
7770 9035 1 5823 6267 4307
7770 9035 1105 5163 6267 4307
7770 9035 941 8171 6267 4307
7941 6322 85 3849 6267 4307
7770 9035 996 5793 6267 4307
7769 9914 493 9260 6267 4307
8006 6662 996 5793 6267 4307
9775 6638 996 5793 6267 4307
9775 6638 1105 5163 6267 4307
8006 6662 1 5823 6267 4307
9775 6638 1 5823 6267 4307
8620 6800 620 3728 6267 4307
8620 6800 189 4036 6267 4307
7339 7722 1105 5163 6267 4307
9775 6638 1114 4444 6267 4307
8400 8924 624 4875 6267 4307
8103 9193 996 5793 6267 4307
7769 9914 1 5823 6267 4307
8103 9193 1105 5163 6267 4307
8412 9137 493 9260 6267 4307
8113 5402 2992 5270 6267 4307
9775 6638 1014 4914 6267 4307
7313 8511 636 5934 6267 4307
7458 4424 2008 4286 6267 4307
7458 4424 1014 4914 6267 4307
9775 6638 1 3025 6267 4307
9775 6638 2275 4538 6267 4307
8994 5487 2627 5498 6267 4307
9925 5173 1823 6965 6267 4307
8970 1482 4434 9630 6267 4307
9705 4825 2459 6910 6267 4307
9925 5173 2459 6910 6267 4307
9290 4870 3799 7683 6267 4307
9705 4825 3799 7683 6267 4307
9311 4451 3799 7683 6267 4307
9290 4870 2459 6910 6267 4307
9097 7367 189 4036 6267 4307
9097 7367 85 3849 6267 4307
9695 8060 3121 9837 6267 4307
9097 7367 1 5823 6267 4307
8206 8512 1 5823 6267 4307
9695 8060 493 9260 6267 4307
9775 6638 2897 9538 6267 4307
9695 8060 2459 6910 6267 4307
9097 7367 1585 7248 6267 4307
9097 7367 2897 9538 6267 4307
8722 7260 941 8171 6267 4307
9695 8060 941 8171 6267 4307
9695 8060 1585 7248 6267 4307
8147 5721 2132 5406 6267 4307
8147 5721 1114 4444 6267 4307
8461 3923 4434 9630 6267 4307
9705 4825 1 5823 6267 4307
9925 5173 624 4875 6267 4307
9338 3444 2168 9229 6267 4307
9705 4825 1823 6965 6267 4307
9875 3266 1585 7248 6267 4307
9925 5173 1585 7248 6267 4307
9705 4825 636 5934 6267 4307
9311 4451 1585 7248 6267 4307
9705 4825 1585 7248 6267 4307
9925 5173 941 8171 6267 4307
9705 4825 2172 9805 6267 4307
9338 3444 2172 9805 6267 4307
9875 3266 2172 9805 6267 4307
9875 3266 941 8171 6267 4307
9705 4825 941 8171 6267 4307
9338 3444 2897 9538 6267 4307
9368 3179 2172 9805 6267 4307
9368 3179 2897 9538 6267 4307
8994 5487 1823 6965 6267 4307
8881 4543 1823 6965 6267 4307
8881 4543 941 8171 6267 4307
8881 4543 2168 9229 6267 4307
8881 4543 2897 9538 6267 4307
8881 4543 3121 9837 6267 4307
7440 7365 1823 6965 6267 4307
8994 5487 1585 7248 6267 4307
9290 4870 1823 6965 6267 4307
9311 4451 941 8171 6267 4307
8994 5487 941 8171 6267 4307
9290 4870 493 9260 6267 4307
9311 4451 2168 9229 6267 4307
9311 4451 3121 9837 6267 4307
8994 5487 2172 9805 6267 4307
8461 3923 2992 5270 6267 4307
7941 6322 1105 5163 6267 4307
7941 6322 2627 5498 6267 4307
8006 6662 493 9260 6267 4307
9925 5173 2172 9805 6267 4307
9925 5173 3121 9837 6267 4307
7549 6276 803 3883 6267 4307
7549 6276 2627 5498 6267 4307
9097 7367 2627 5498 6267 4307
9097 7367 2992 5270 6267 4307
8620 6800 2627 5498 6267 4307
8881 4543 2275 4538 6267 4307
7549 6276 1105 5163 6267 4307
7941 6322 620 3728 6267 4307
7941 6322 1014 4914 6267 4307
7549 6276 1014 4914 6267 4307
8994 5487 1 5823 6267 4307
7549 6276 996 5793 6267 4307
8147 5721 624 4875 6267 4307
9290 4870 624 4875 6267 4307
9925 5173 1 5823 6267 4307
8006 6662 624 4875 6267 4307
8006 6662 1014 4914 6267 4307
7549 6276 2008 4286 6267 4307
8620 6800 1823 6965 6267 4307
8620 6800 941 8171 6267 4307
8620 6800 493 9260 6267 4307
8620 6800 996 5793 6267 4307
8722 7260 2172 9805 6267 4307
9200 471 4231 8171 6267 4307
9200 471 3799 7683 6267 4307
9245 1276 3799 7683 6267 4307
9245 1276 4231 8171 6267 4307
8461 3923 2897 9538 6267 4307
8461 3923 2168 9229 6267 4307
8093 2962 2897 9538 6267 4307
8725 3692 2172 9805 6267 4307
8402 1618 4434 9630 6267 4307
7861 2909 4434 9630 6267 4307
9338 3444 2459 6910 6267 4307
8620 6800 2459 6910 6267 4307
8402 1618 2897 9538 6267 4307
9368 3179 4231 8171 6267 4307
9368 3179 3799 7683 6267 4307
7458 4424 2459 6910 6267 4307
8881 4543 3799 7683 6267 4307
8311 4469 3799 7683 6267 4307
8725 3692 3799 7683 6267 4307
8725 3692 4231 8171 6267 4307
7861 2909 3121 9837 6267 4307
9338 3444 3799 7683 6267 4307
8402 1618 2172 9805 6267 4307
8311 4469 996 5793 6267 4307
9245 1276 2172 9805 6267 4307
9245 1276 3121 9837 6267 4307
9245 1276 2897 9538 6267 4307
8970 1482 2172 9805 6267 4307
8311 4469 493 9260 6267 4307
7458 4424 2897 9538 6267 4307
7458 4424 2168 9229 6267 4307
8311 4469 3121 9837 6267 4307
9311 4451 1 5823 6267 4307
8461 3923 2627 5498 6267 4307
8725 3692 2992 5270 6267 4307
8725 9867 4231 8171 6267 4307
2992 5270 9311 4451 3519 5548
2992 5270 9925 5173 3519 5548
2627 5498 9338 3444 3519 5548
2992 5270 9290 4870 3519 5548
2627 5498 3519 5548 9775 6638
2627 5498 9705 4825 3519 5548
3559 4291 8347 7559 3519 5548
2992 5270 8347 7559 3519 5548
2275 4538 8970 1482 3519 5548
2132 5406 9245 1276 3519 5548
2008 4286 9775 6638 3519 5548
1105 5163 9705 4825 3519 5548
1105 5163 9925 5173 3519 5548
1105 5163 9311 4451 3519 5548
620 3728 8994 5487 3519 5548
2132 5406 9290 4870 3519 5548
2132 5406 9705 4825 3519 5548
2132 5406 9925 5173 3519 5548
1114 4444 8881 4543 3519 5548
1114 4444 9290 4870 3519 5548
3559 4291 9311 4451 3519 5548
3559 4291 8994 5487 3519 5548
3559 4291 8006 6662 3519 5548
2008 4286 8620 6800 3519 5548
2132 5406 3519 5548 9775 6638
1276 1335 8725 3692 3519 5548
2008 4286 9925 5173 3519 5548
2008 4286 9705 4825 3519 5548
2008 4286 9338 3444 3519 5548
996 5793 3519 5548 9097 7367
1 5823 3519 5548 8620 6800
2008 4286 8722 7260 3519 5548
2132 5406 3519 5548 9097 7367
2008 4286 9097 7367 3519 5548
1114 4444 9097 7367 3519 5548
1014 4914 3519 5548 9097 7367
624 4875 9875 3266 3519 5548
624 4875 9368 3179 3519 5548
1114 4444 9875 3266 3519 5548
803 3883 8402 1618 3519 5548
996 5793 9705 4825 3519 5548
996 5793 9290 4870 3519 5548
996 5793 9200 471 3519 5548
996 5793 9311 4451 3519 5548
3559 4291 8147 5721 3519 5548
2992 5270 9875 3266 3519 5548
2627 5498 8725 3692 3519 5548
3559 4291 8620 6800 3519 5548
1585 7248 3519 5548 7941 6322
2132 5406 3519 5548 8006 6662
941 8171 3519 5548 8006 6662
493 9260 3519 5548 8006 6662
1014 4914 8006 6662 3519 5548
1 5823 3519 5548 8006 6662
2275 4538 7549 6276 3519 5548
8206 8512 8412 9137 3519 5548
636 5934 3519 5548 8722 7260
8722 7260 8206 8512 3519 5548
2459 6910 3519 5548 9097 7367
9097 7367 8206 8512 3519 5548
1585 7248 3519 5548 8147 5721
624 4875 3519 5548 8206 8512
189 4036 3519 5548 8206 8512
7769 9914 3519 5548 7941 6322
7770 9035 3519 5548 8147 5721
9290 4870 9670 9937 3519 5548
8206 8512 3519 5548 9290 4870
8113 5402 9670 9937 3519 5548
8113 5402 2168 9229 3519 5548
1105 5163 8113 5402 3519 5548
3559 4291 8113 5402 3519 5548
5800 3987 8113 5402 3519 5548
189 4036 8113 5402 3519 5548
620 3728 8113 5402 3519 5548
839 777 9245 1276 3519 5548
839 777 7319 1007 3519 5548
913 1838 9200 471 3519 5548
627 1441 9338 3444 3519 5548
627 1441 9368 3179 3519 5548
9368 3179 8725 3692 3519 5548
9875 3266 8725 3692 3519 5548
913 1838 9875 3266 3519 5548
627 1441 9311 4451 3519 5548
627 1441 7454 1289 3519 5548
8970 1482 7861 2909 3519 5548
5346 3403 5802 6705 3519 5548
839 777 9368 3179 3519 5548
627 1441 8725 3692 3519 5548
839 777 9338 3444 3519 5548
839 777 8093 2962 3519 5548
627 1441 9290 4870 3519 5548
8006 6662 8722 7260 3519 5548
8400 8924 8412 9137 3519 5548
8347 7559 8400 8924 3519 5548
5800 3987 8206 8512 3519 5548
5800 3987 8400 8924 3519 5548
8400 8924 8103 9193 3519 5548
7440 7365 8877 9184 3519 5548
7440 7365 9670 9937 3519 5548
8620 6800 9695 8060 3519 5548
8620 6800 9097 7367 3519 5548
7549 6276 8877 9184 3519 5548
9925 5173 8994 5487 3519 5548
5877 1433 3519 5548 1 5823
1276 1335 7458 4424 3519 5548
1276 1335 7319 1007 3519 5548
5179 5685 7339 7722 3519 5548
5863 1648 3519 5548 1585 7248
5877 1433 3519 5548 941 8171
5800 3987 6379 9270 3519 5548
4054 2057 3519 5548 941 8171
4054 2057 3519 5548 2168 9229
5863 1648 3519 5548 493 9260
913 1838 8461 3923 3519 5548
5179 5685 7313 8511 3519 5548
8881 4543 9705 4825 3519 5548
996 5793 7319 1007 3519 5548
1114 4444 7861 2909 3519 5548
1014 4914 7861 2909 3519 5548
1 5823 7861 2909 3519 5548
7458 4424 6318 7849 3519 5548
2341 6781 7319 1007 3519 5548
2341 6781 7454 1289 3519 5548
7458 4424 7941 6322 3519 5548
1276 1335 8970 1482 3519 5548
1276 1335 9338 3444 3519 5548
1276 1335 9311 4451 3519 5548
5346 3403 8147 5721 3519 5548
7458 4424 8147 5721 3519 5548
1276 1335 8402 1618 3519 5548
1276 1335 9368 3179 3519 5548
9775 6638 8206 8512 3519 5548
1105 5163 9368 3179 3519 5548
620 3728 8725 3692 3519 5548
189 4036 8725 3692 3519 5548
1114 4444 9368 3179 3519 5548
1014 4914 9368 3179 3519 5548
1 3025 8725 3692 3519 5548
189 4036 8461 3923 3519 5548
85 3849 8725 3692 3519 5548
8311 4469 8113 5402 3519 5548
8311 4469 941 8171 3519 5548
8113 5402 7941 6322 3519 5548
2008 4286 7861 2909 3519 5548
8113 5402 9097 7367 3519 5548
7458 4424 8113 5402 3519 5548
8113 5402 8725 9867 3519 5548
7458 4424 8725 9867 3519 5548
627 1441 9245 1276 3519 5548
8147 5721 8412 9137 3519 5548
9290 4870 8412 9137 3519 5548
9925 5173 8412 9137 3519 5548
9775 6638 7941 6322 3519 5548
9775 6638 8006 6662 3519 5548
8722 7260 7769 9914 3519 5548
8722 7260 8103 9193 3519 5548
8881 4543 8400 8924 3519 5548
9290 4870 8400 8924 3519 5548
8994 5487 8400 8924 3519 5548
8994 5487 8103 9193 3519 5548
9705 4825 8103 9193 3519 5548
8881 4543 8103 9193 3519 5548
9695 8060 7770 9035 3519 5548
9097 7367 8400 8924 3519 5548
9670 9937 8725 9867 3519 5548
9695 8060 9670 9937 3519 5548
8722 7260 8877 9184 3519 5548
9775 6638 8877 9184 3519 5548
9695 8060 8877 9184 3519 5548
9097 7367 7769 9914 3519 5548
9775 6638 7769 9914 3519 5548
7941 6322 8725 9867 3519 5548
8147 5721 8722 7260 3519 5548
9925 5173 9695 8060 3519 5548
8994 5487 8877 9184 3519 5548
9290 4870 8877 9184 3519 5548
8147 5721 8877 9184 3519 5548
8881 4543 8877 9184 3519 5548
9925 5173 8877 9184 3519 5548
7861 2909 9338 3444 3519 5548
9875 3266 9925 5173 3519 5548
9368 3179 9311 4451 3519 5548
9368 3179 9290 4870 3519 5548
9290 4870 8994 5487 3519 5548
9875 3266 9290 4870 3519 5548
7941 6322 6379 9270 3519 5548
8006 6662 2172 9805 3519 5548
8006 6662 3121 9837 3519 5548
8722 7260 7440 7365 3519 5548
8347 7559 7339 7722 3519 5548
8147 5721 7339 7722 3519 5548
8147 5721 7440 7365 3519 5548
9097 7367 7313 8511 3519 5548
8311 4469 7941 6322 3519 5548
8994 5487 8006 6662 3519 5548
8994 5487 7313 8511 3519 5548
8093 2962 8725 3692 3519 5548
9775 6638 9097 7367 3519 5548
8881 4543 8722 7260 3519 5548
9290 4870 9097 7367 3519 5548
8994 5487 8722 7260 3519 5548
8311 4469 9097 7367 3519 5548
8881 4543 8620 6800 3519 5548
9311 4451 9097 7367 3519 5548
9705 4825 9097 7367 3519 5548
9925 5173 8347 7559 3519 5548
9775 6638 8722 7260 3519 5548
9775 6638 8347 7559 3519 5548
8620 6800 6379 9270 3519 5548
7549 6276 5599 8719 3519 5548
8006 6662 6379 9270 3519 5548
9290 4870 9775 6638 3519 5548
7458 4424 5599 8719 3519 5548
8311 4469 6379 9270 3519 5548
8994 5487 7770 9035 3519 5548
7458 4424 8400 8924 3519 5548
9290 4870 7770 9035 3519 5548
7861 2909 9875 3266 3519 5548
5346 3403 7458 4424 3519 5548
5346 3403 8311 4469 3519 5548
7454 1289 8402 1618 3519 5548
8725 9867 7769 9914 3519 5548
8725 3692 9695 8060 3519 5548
9705 4825 9695 8060 3519 5548
7458 4424 9670 9937 3519 5548
8402 1618 6452 3531 5800 3987
5800 3987 996 5793 6452 3531
996 5793 8402 1618 6452 3531
8970 1482 9338 3444 6452 3531
9338 3444 4434 9630 6452 3531
4434 9630 6452 3531 8970 1482
9245 1276 9338 3444 6452 3531
9245 1276 8725 3692 6452 3531
8725 3692 2341 6781 6452 3531
8147 5721 1 5823 6452 3531
8147 5721 85 3849 6452 3531
85 3849 6452 3531 8113 5402
8147 5721 803 3883 6452 3531
803 3883 6452 3531 8113 5402
8147 5721 189 4036 6452 3531
8147 5721 636 5934 6452 3531
1276 1335 6452 3531 8113 5402
8113 5402 2627 5498 6452 3531
2627 5498 1276 1335 6452 3531
1 5823 624 4875 6452 3531
1585 7248 1823 6965 6452 3531
1823 6965 6452 3531 8113 5402
8113 5402 1585 7248 6452 3531
996 5793 624 4875 6452 3531
1014 4914 1114 4444 6452 3531
636 5934 624 4875 6452 3531
624 4875 1114 4444 6452 3531
189 4036 456 2762 6452 3531
456 2762 6452 3531 8113 5402
996 5793 1014 4914 6452 3531
7861 2909 5800 3987 6452 3531
913 1838 7861 2909 6452 3531
2275 4538 913 1838 6452 3531
913 1838 8461 3923 6452 3531
8461 3923 2275 4538 6452 3531
9368 3179 5800 3987 6452 3531
456 2762 913 1838 6452 3531
913 1838 6452 3531 8994 5487
8994 5487 456 2762 6452 3531
913 1838 6452 3531 8311 4469
8311 4469 3559 4291 6452 3531
7458 4424 3559 4291 6452 3531
9368 3179 3559 4291 6452 3531
8725 3692 3559 4291 6452 3531
913 1838 8970 1482 6452 3531
8970 1482 6452 3531 5800 3987
913 1838 9245 1276 6452 3531
9245 1276 6452 3531 5800 3987
2992 5270 913 1838 6452 3531
5800 3987 2992 5270 6452 3531
5346 3403 913 1838 6452 3531
9705 4825 5346 3403 6452 3531
913 1838 6452 3531 9311 4451
9311 4451 7458 4424 6452 3531
913 1838 6452 3531 8881 4543
8881 4543 7458 4424 6452 3531
9705 4825 5800 3987 6452 3531
8725 3692 5800 3987 6452 3531
913 1838 9338 3444 6452 3531
9338 3444 5800 3987 6452 3531
2627 5498 8970 1482 6452 3531
2992 5270 8970 1482 6452 3531
456 2762 6452 3531 7458 4424
1 3025 6452 3531 7458 4424
8461 3923 6267 4307 6452 3531
1014 4914 6452 3531 8461 3923
2275 4538 6452 3531 9338 3444
9338 3444 6267 4307 6452 3531
2275 4538 6452 3531 8725 3692
8725 3692 6267 4307 6452 3531
6318 7849 2341 6781 6452 3531
3559 4291 3359 1834 6452 3531
2275 4538 7319 1007 6452 3531
7769 9914 1105 5163 6452 3531
6267 4307 6452 3531 7769 9914
2008 4286 1276 1335 6452 3531
1105 5163 620 3728 6452 3531
4434 9630 1585 7248 6452 3531
6267 4307 4434 9630 6452 3531
6379 9270 2132 5406 6452 3531
6267 4307 6452 3531 6379 9270
620 3728 1276 1335 6452 3531
3559 4291 5304 1196 6452 3531
3559 4291 7319 1007 6452 3531
636 5934 189 4036 6452 3531
1114 4444 9245 1276 6452 3531
1114 4444 85 3849 6452 3531
85 3849 1 3025 6452 3531
85 3849 8970 1482 6452 3531
627 1441 839 777 6452 3531
456 2762 839 777 6452 3531
456 2762 7454 1289 6452 3531
2008 4286 7454 1289 6452 3531
2008 4286 7319 1007 6452 3531
6267 4307 996 5793 6452 3531
2008 4286 57 3286 6452 3531
2008 4286 456 2762 6452 3531
3559 4291 1 3025 6452 3531
2008 4286 1 3025 6452 3531
3559 4291 85 3849 6452 3531
3559 4291 620 3728 6452 3531
1105 5163 1014 4914 6452 3531
2008 4286 85 3849 6452 3531
1114 4444 8093 2962 6452 3531
636 5934 1 5823 6452 3531
1 5823 6452 3531 6267 4307
1823 6965 6452 3531 8093 2962
1585 7248 6452 3531 8093 2962
2275 4538 620 3728 6452 3531
2459 6910 6452 3531 9245 1276
5599 8719 2341 6781 6452 3531
6267 4307 6452 3531 5599 8719
8877 9184 7339 7722 6452 3531
7440 7365 6267 4307 6452 3531
6267 4307 6452 3531 8400 8924
8400 8924 7440 7365 6452 3531
7339 7722 2132 5406 6452 3531
9368 3179 6267 4307 6452 3531
2992 5270 6452 3531 9368 3179
6267 4307 2897 9538 6452 3531
2897 9538 3799 7683 6452 3531
7339 7722 2627 5498 6452 3531
3359 1834 6452 3531 9775 6638
9775 6638 6267 4307 6452 3531
2992 5270 627 1441 6452 3531
5304 1196 6452 3531 7770 9035
7770 9035 6267 4307 6452 3531
7313 8511 2992 5270 6452 3531
6267 4307 6452 3531 7313 8511
2459 6910 9200 471 6452 3531
803 3883 456 2762 6452 3531
1114 4444 627 1441 6452 3531
1105 5163 456 2762 6452 3531
1014 4914 456 2762 6452 3531
456 2762 627 1441 6452 3531
2627 5498 620 3728 6452 3531
624 4875 189 4036 6452 3531
624 4875 57 3286 6452 3531
2627 5498 839 777 6452 3531
3799 7683 7454 1289 6452 3531
6318 7849 2627 5498 6452 3531
1014 4914 1 3025 6452 3531
2132 5406 1 3025 6452 3531
1105 5163 189 4036 6452 3531
2132 5406 803 3883 6452 3531
1105 5163 57 3286 6452 3531
2627 5498 57 3286 6452 3531
6267 4307 941 8171 6452 3531
941 8171 9200 471 6452 3531
1823 6965 9245 1276 6452 3531
6267 4307 2172 9805 6452 3531
2172 9805 7454 1289 6452 3531
6267 4307 2168 9229 6452 3531
2168 9229 7454 1289 6452 3531
6267 4307 493 9260 6452 3531
493 9260 6452 3531 9245 1276
624 4875 627 1441 6452 3531
189 4036 839 777 6452 3531
57 3286 839 777 6452 3531
2992 5270 189 4036 6452 3531
5179 5685 624 4875 6452 3531
6267 4307 5179 5685 6452 3531
624 4875 1276 1335 6452 3531
636 5934 1276 1335 6452 3531
189 4036 1276 1335 6452 3531
85 3849 627 1441 6452 3531
85 3849 1276 1335 6452 3531
627 1441 1276 1335 6452 3531
8103 9193 3799 7683 6452 3531
6267 4307 6452 3531 8103 9193
8725 9867 3799 7683 6452 3531
6267 4307 6452 3531 8725 9867
5304 1196 6452 3531 8877 9184
9311 4451 4231 8171 6452 3531
9925 5173 4231 8171 6452 3531
9338 3444 4231 8171 6452 3531
9775 6638 4231 8171 6452 3531
9705 4825 4231 8171 6452 3531
8347 7559 2168 9229 6452 3531
2168 9229 3559 4291 6452 3531
4434 9630 2992 5270 6452 3531
2275 4538 5863 1648 6452 3531
5863 1648 6452 3531 3799 7683
8970 1482 2459 6910 6452 3531
2341 6781 636 5934 6452 3531
2341 6781 620 3728 6452 3531
8881 4543 2341 6781 6452 3531
8006 6662 2341 6781 6452 3531
2341 6781 1276 1335 6452 3531
2341 6781 1 5823 6452 3531
8722 7260 2341 6781 6452 3531
2008 4286 6452 3531 9695 8060
9695 8060 2341 6781 6452 3531
2341 6781 1014 4914 6452 3531
9368 3179 2341 6781 6452 3531
8402 1618 6452 3531 2341 6781
9200 471 6452 3531 2341 6781
8147 5721 2341 6781 6452 3531
2341 6781 2992 5270 6452 3531
2341 6781 2627 5498 6452 3531
8206 8512 941 8171 6452 3531
8206 8512 493 9260 6452 3531
1114 4444 6452 3531 8006 6662
1 3025 6452 3531 8347 7559
1 3025 6452 3531 8006 6662
1014 4914 2275 4538 6452 3531
8400 8924 1 5823 6452 3531
8412 9137 2992 5270 6452 3531
8206 8512 636 5934 6452 3531
8206 8512 2459 6910 6452 3531
9670 9937 624 4875 6452 3531
8725 9867 189 4036 6452 3531
8725 9867 1114 4444 6452 3531
8725 9867 2627 5498 6452 3531
7770 9035 2627 5498 6452 3531
3121 9837 2132 5406 6452 3531
8206 8512 2168 9229 6452 3531
2168 9229 2627 5498 6452 3531
2897 9538 2627 5498 6452 3531
2172 9805 2992 5270 6452 3531
8103 9193 2627 5498 6452 3531
8006 6662 2627 5498 6452 3531
8103 9193 2132 5406 6452 3531
2008 4286 6452 3531 8400 8924
8400 8924 2132 5406 6452 3531
456 2762 6452 3531 8400 8924
57 3286 6452 3531 8206 8512
8725 9867 57 3286 6452 3531
8725 9867 2275 4538 6452 3531
3559 4291 6452 3531 7769 9914
7769 9914 2008 4286 6452 3531
8347 7559 2341 6781 6452 3531
8206 8512 2341 6781 6452 3531
8103 9193 1 3025 6452 3531
3559 4291 6452 3531 7770 9035
3559 4291 6452 3531 8103 9193
8103 9193 2992 5270 6452 3531
7769 9914 2627 5498 6452 3531
2008 4286 6452 3531 7339 7722
2008 4286 6452 3531 8103 9193
456 2762 6452 3531 8103 9193
9875 3266 8877 9184 6452 3531
8206 8512 6452 3531 8877 9184
9875 3266 7769 9914 6452 3531
7313 8511 996 5793 6452 3531
2459 6910 2627 5498 6452 3531
8113 5402 2459 6910 6452 3531
2132 5406 2275 4538 6452 3531
636 5934 2275 4538 6452 3531
1 5823 2275 4538 6452 3531
8412 9137 636 5934 6452 3531
8412 9137 1823 6965 6452 3531
8412 9137 2897 9538 6452 3531
7549 6276 7313 8511 6452 3531
2008 4286 6452 3531 8877 9184
2008 4286 6452 3531 9670 9937
8877 9184 1114 4444 6452 3531
9695 8060 636 5934 6452 3531
1823 6965 2132 5406 6452 3531
941 8171 636 5934 6452 3531
493 9260 1 5823 6452 3531
4434 9630 1823 6965 6452 3531
941 8171 2992 5270 6452 3531
2168 9229 2132 5406 6452 3531
2172 9805 2132 5406 6452 3531
941 8171 2132 5406 6452 3531
636 5934 6452 3531 2992 5270
2172 9805 996 5793 6452 3531
493 9260 1105 5163 6452 3531
3559 4291 6452 3531 4434 9630
5802 6705 2132 5406 6452 3531
5802 6705 2627 5498 6452 3531
57 3286 6452 3531 5800 3987
57 3286 6452 3531 8113 5402
996 5793 6452 3531 2992 5270
941 8171 1014 4914 6452 3531
1014 4914 2008 4286 6452 3531
1 5823 189 4036 6452 3531
1 5823 620 3728 6452 3531
941 8171 1 5823 6452 3531
2897 9538 941 8171 6452 3531
941 8171 2008 4286 6452 3531
996 5793 2008 4286 6452 3531
624 4875 2008 4286 6452 3531
493 9260 1014 4914 6452 3531
493 9260 624 4875 6452 3531
493 9260 1114 4444 6452 3531
7861 2909 1823 6965 6452 3531
189 4036 9200 471 6452 3531
620 3728 913 1838 6452 3531
620 3728 6452 3531 9705 4825
803 3883 913 1838 6452 3531
803 3883 6452 3531 9290 4870
189 4036 9245 1276 6452 3531
624 4875 7454 1289 6452 3531
85 3849 9368 3179 6452 3531
57 3286 913 1838 6452 3531
57 3286 6452 3531 9311 4451
2341 6781 913 1838 6452 3531
189 4036 6452 3531 9311 4451
85 3849 6452 3531 9290 4870
85 3849 6452 3531 9705 4825
189 4036 6452 3531 8881 4543
1 3025 913 1838 6452 3531
1 3025 6452 3531 8994 5487
189 4036 6452 3531 9925 5173
913 1838 6452 3531 8722 7260
913 1838 6452 3531 8006 6662
913 1838 6452 3531 8412 9137
913 1838 6452 3531 8347 7559
913 1838 6452 3531 8103 9193
913 1838 6452 3531 9670 9937
913 1838 6452 3531 9695 8060
913 1838 6452 3531 7941 6322
913 1838 6452 3531 9097 7367
913 1838 6452 3531 7549 6276
2132 5406 7861 2909 6452 3531
1 5823 6452 3531 9338 3444
636 5934 6452 3531 9368 3179
636 5934 5877 1433 6452 3531
1014 4914 913 1838 6452 3531
1014 4914 7454 1289 6452 3531
996 5793 7861 2909 6452 3531
8402 1618 6452 3531 2459 6910
7319 1007 6452 3531 2459 6910
8093 2962 2459 6910 6452 3531
5179 5685 636 5934 6452 3531
1105 5163 8970 1482 6452 3531
996 5793 7454 1289 6452 3531
5304 1196 6452 3531 5179 5685
996 5793 8970 1482 6452 3531
4054 2057 6452 3531 5802 6705
913 1838 3359 1834 6452 3531
3359 1834 6452 3531 5802 6705
4434 9630 913 1838 6452 3531
5346 3403 6452 3531 4434 9630
913 1838 6452 3531 7339 7722
5863 1648 6452 3531 2172 9805
5877 1433 6452 3531 2172 9805
5304 1196 6452 3531 2168 9229
5304 1196 6452 3531 2897 9538
1 5823 8402 1618 6452 3531
7319 1007 6452 3531 493 9260
1 5823 9245 1276 6452 3531
913 1838 6452 3531 6379 9270
8970 1482 6452 3531 1823 6965
1105 5163 8402 1618 6452 3531
8402 1618 6452 3531 1585 7248
5346 3403 6452 3531 2168 9229
5346 3403 6452 3531 2897 9538
8402 1618 6452 3531 1823 6965
1823 6965 7319 1007 6452 3531
1585 7248 7454 1289 6452 3531
941 8171 7319 1007 6452 3531
624 4875 6452 3531 8725 3692
1 5823 6452 3531 8461 3923
5800 3987 6452 3531 1585 7248
1 5823 6452 3531 8725 3692
636 5934 5863 1648 6452 3531
913 1838 6452 3531 7313 8511
2132 5406 8402 1618 6452 3531
913 1838 6452 3531 8113 5402
3559 4291 6452 3531 9290 4870
3559 4291 6452 3531 4231 8171
2627 5498 3359 1834 6452 3531
2992 5270 3359 1834 6452 3531
7319 1007 7458 4424 6452 3531
620 3728 6452 3531 7440 7365
803 3883 6452 3531 7440 7365
456 2762 6452 3531 5179 5685
1 3025 6452 3531 5179 5685
456 2762 6452 3531 7549 6276
7861 2909 8461 3923 6452 3531
5800 3987 6452 3531 7941 6322
7941 6322 4231 8171 6452 3531
5800 3987 6452 3531 4231 8171
9338 3444 5599 8719 6452 3531
8725 3692 5599 8719 6452 3531
8970 1482 9311 4451 6452 3531
8402 1618 7458 4424 6452 3531
8093 2962 7458 4424 6452 3531
7319 1007 8093 2962 6452 3531
7454 1289 8725 3692 6452 3531
9245 1276 8311 4469 6452 3531
9245 1276 9311 4451 6452 3531
1276 1335 6452 3531 9775 6638
9200 471 7458 4424 6452 3531
5800 3987 6452 3531 7440 7365
4054 2057 6452 3531 8994 5487
3359 1834 9705 4825 6452 3531
4054 2057 9705 4825 6452 3531
4054 2057 9311 4451 6452 3531
3359 1834 9875 3266 6452 3531
3359 1834 6452 3531 8994 5487
5800 3987 6452 3531 8147 5721
5800 3987 6452 3531 8620 6800
9775 6638 2459 6910 6452 3531
5800 3987 6452 3531 2897 9538
5800 3987 6452 3531 2168 9229
5800 3987 6452 3531 2172 9805
5346 3403 6452 3531 8206 8512
5346 3403 6452 3531 493 9260
5800 3987 6452 3531 941 8171
8725 3692 1585 7248 6452 3531
9338 3444 8113 5402 6452 3531
9338 3444 1823 6965 6452 3531
8461 3923 1823 6965 6452 3531
8725 3692 493 9260 6452 3531
8725 3692 941 8171 6452 3531
2008 4286 6452 3531 6318 7849
7339 7722 189 4036 6452 3531
803 3883 6452 3531 7339 7722
5599 8719 2132 5406 6452 3531
6379 9270 996 5793 6452 3531
7770 9035 624 4875 6452 3531
7770 9035 189 4036 6452 3531
7770 9035 493 9260 6452 3531
2275 4538 4054 2057 6452 3531
2132 5406 4054 2057 6452 3531
1276 1335 6452 3531 5802 6705
3146 2041 6452 3531 5802 6705
456 2762 6452 3531 7339 7722
1 3025 6452 3531 7339 7722
4434 9630 2275 4538 6452 3531
9200 471 8113 5402 6452 3531
4231 8171 2275 4538 6452 3531
3359 1834 6452 3531 7549 6276
8402 1618 8113 5402 6452 3531
8402 1618 6379 9270 6452 3531
5346 3403 6452 3531 3799 7683
624 4875 5863 1648 6452 3531
624 4875 5304 1196 6452 3531
57 3286 5304 1196 6452 3531
189 4036 5877 1433 6452 3531
620 3728 5304 1196 6452 3531
456 2762 5877 1433 6452 3531
456 2762 5863 1648 6452 3531
189 4036 5304 1196 6452 3531
5346 3403 6452 3531 2459 6910
6379 9270 1 5823 6452 3531
7770 9035 2172 9805 6452 3531
456 2762 6452 3531 8006 6662
7319 1007 5802 6705 6452 3531
8113 5402 5179 5685 6452 3531
9245 1276 5179 5685 6452 3531
5346 3403 6452 3531 7339 7722
4054 2057 9875 3266 6452 3531
9875 3266 8113 5402 6452 3531
8461 3923 2341 6781 6452 3531
2341 6781 2275 4538 6452 3531
4054 2057 9368 3179 6452 3531
7313 8511 493 9260 6452 3531
1 3025 6452 3531 9097 7367
456 2762 6452 3531 9695 8060
1 3025 6452 3531 9670 9937
8877 9184 57 3286 6452 3531
1 3025 6452 3531 8877 9184
456 2762 6452 3531 8877 9184
4231 8171 1276 1335 6452 3531
5877 1433 6452 3531 6379 9270
456 2762 6452 3531 7313 8511
8400 8924 1114 4444 6452 3531
1014 4914 5304 1196 6452 3531
7769 9914 624 4875 6452 3531
2459 6910 2008 4286 6452 3531
3799 7683 620 3728 6452 3531
4231 8171 1114 4444 6452 3531
2132 5406 1276 1335 6452 3531
4231 8171 2008 4286 6452 3531
3799 7683 2008 4286 6452 3531
3799 7683 1105 5163 6452 3531
4231 8171 2132 5406 6452 3531
6318 7849 620 3728 6452 3531
3799 7683 2132 5406 6452 3531
7313 8511 57 3286 6452 3531
7313 8511 1 3025 6452 3531
6318 7849 996 5793 6452 3531
6318 7849 624 4875 6452 3531
7313 8511 189 4036 6452 3531
7313 8511 1114 4444 6452 3531
4434 9630 2132 5406 6452 3531
4434 9630 996 5793 6452 3531
6379 9270 1014 4914 6452 3531
4054 2057 8970 1482 6452 3531
3121 9837 996 5793 6452 3531
7770 9035 1114 4444 6452 3531
2992 5270 5346 3403 6452 3531
4231 8171 57 3286 6452 3531
3799 7683 57 3286 6452 3531
1823 6965 3359 1834 6452 3531
5599 8719 624 4875 6452 3531
5599 8719 996 5793 6452 3531
6379 9270 620 3728 6452 3531
6379 9270 85 3849 6452 3531
5599 8719 1 3025 6452 3531
2168 9229 57 3286 6452 3531
2897 9538 1 5823 6452 3531
5599 8719 636 5934 6452 3531
5599 8719 1823 6965 6452 3531
5599 8719 1585 7248 6452 3531
624 4875 6452 3531 5800 3987
4434 9630 803 3883 6452 3531
941 8171 3359 1834 6452 3531
4231 8171 996 5793 6452 3531
2897 9538 57 3286 6452 3531
3121 9837 57 3286 6452 3531
3121 9837 1 3025 6452 3531
4434 9630 941 8171 6452 3531
4434 9630 189 4036 6452 3531
1823 6965 4054 2057 6452 3531
2132 5406 5304 1196 6452 3531
2172 9805 57 3286 6452 3531
6379 9270 456 2762 6452 3531
636 5934 5346 3403 6452 3531
6379 9270 57 3286 6452 3531
7313 8511 941 8171 6452 3531
2459 6910 620 3728 6452 3531
1823 6965 2008 4286 6452 3531
1823 6965 1014 4914 6452 3531
4054 2057 9245 1276 6452 3531
2459 6910 1014 4914 6452 3531
1114 4444 5346 3403 6452 3531
624 4875 5877 1433 6452 3531
2132 5406 5863 1648 6452 3531
1105 5163 5877 1433 6452 3531
1014 4914 5863 1648 6452 3531
2132 5406 5877 1433 6452 3531
189 4036 5346 3403 6452 3531
1 5823 6452 3531 5800 3987
1 5823 5346 3403 6452 3531
1105 5163 5346 3403 6452 3531
996 5793 620 3728 6452 3531
996 5793 3359 1834 6452 3531
996 5793 4054 2057 6452 3531
996 5793 5346 3403 6452 3531
1114 4444 4054 2057 6452 3531
1014 4914 4054 2057 6452 3531
1823 6965 624 4875 6452 3531
1585 7248 624 4875 6452 3531
941 8171 624 4875 6452 3531
941 8171 57 3286 6452 3531
941 8171 620 3728 6452 3531
1585 7248 456 2762 6452 3531
2168 9229 1 5823 6452 3531
1823 6965 456 2762 6452 3531
941 8171 85 3849 6452 3531
85 3849 3359 1834 6452 3531
57 3286 3359 1834 6452 3531
1 3025 3359 1834 6452 3531
2897 9538 624 4875 6452 3531
1585 7248 620 3728 6452 3531
3121 9837 1114 4444 6452 3531
3121 9837 1014 4914 6452 3531
636 5934 4054 2057 6452 3531
2008 4286 5863 1648 6452 3531
493 9260 803 3883 6452 3531
1 3025 4054 2057 6452 3531
456 2762 4054 2057 6452 3531
5346 3403 6452 3531 9670 9937
5346 3403 6452 3531 8877 9184
839 777 6452 3531 5346 3403
2275 4538 6452 3531 3559 4291
9368 3179 7458 4424 6452 3531
8461 3923 7458 4424 6452 3531
9338 3444 7458 4424 6452 3531
6318 7849 2275 4538 6452 3531
8725 3692 6318 7849 6452 3531
8402 1618 5179 5685 6452 3531
8093 2962 5802 6705 6452 3531
624 4875 6452 3531 2275 4538
9200 471 5802 6705 6452 3531
7458 4424 5802 6705 6452 3531
9311 4451 5179 5685 6452 3531
2627 5498 2275 4538 6452 3531
2341 6781 57 3286 6452 3531
2341 6781 1 3025 6452 3531
7861 2909 5599 8719 6452 3531
4231 8171 2341 6781 6452 3531
8881 4543 4231 8171 6452 3531
839 777 6452 3531 5802 6705
8725 3692 8412 9137 6452 3531
8725 3692 8206 8512 6452 3531
9290 4870 4434 9630 6452 3531
8206 8512 4434 9630 6452 3531
9875 3266 8412 9137 6452 3531
3559 4291 6452 3531 7339 7722
9695 8060 7440 7365 6452 3531
9245 1276 8400 8924 6452 3531
9245 1276 8206 8512 6452 3531
9200 471 8400 8924 6452 3531
9200 471 8206 8512 6452 3531
9705 4825 8206 8512 6452 3531
9875 3266 8103 9193 6452 3531
9875 3266 8400 8924 6452 3531
8970 1482 8400 8924 6452 3531
8970 1482 8206 8512 6452 3531
6267 4307 3519 5548 6452 3531
7861 2909 8206 8512 6452 3531
839 777 6452 3531 8206 8512
839 777 6452 3531 8103 9193
9925 5173 4434 9630 6452 3531
9311 4451 8147 5721 6452 3531
9875 3266 8994 5487 6452 3531
8461 3923 8147 5721 6452 3531
7941 6322 6318 7849 6452 3531
2008 4286 6452 3531 7440 7365
8461 3923 7941 6322 6452 3531
8970 1482 7941 6322 6452 3531
3359 1834 6452 3531 7941 6322
3559 4291 6452 3531 7941 6322
4231 8171 3121 9837 6452 3531
7941 6322 3799 7683 6452 3531
627 1441 6452 3531 5802 6705
627 1441 6452 3531 7549 6276
839 777 6452 3531 7440 7365
839 777 6452 3531 6318 7849
1 3025 6452 3531 7549 6276
8722 7260 4231 8171 6452 3531
9695 8060 7339 7722 6452 3531
8620 6800 5599 8719 6452 3531
9695 8060 5599 8719 6452 3531
9695 8060 6318 7849 6452 3531
9200 471 7440 7365 6452 3531
9290 4870 7549 6276 6452 3531
9925 5173 7549 6276 6452 3531
8093 2962 7440 7365 6452 3531
8402 1618 7440 7365 6452 3531
8402 1618 7339 7722 6452 3531
8461 3923 7440 7365 6452 3531
8461 3923 7339 7722 6452 3531
8725 3692 7440 7365 6452 3531
9200 471 6318 7849 6452 3531
627 1441 5863 1648 6452 3531
7549 6276 5802 6705 6452 3531
627 1441 5877 1433 6452 3531
627 1441 5304 1196 6452 3531
8147 5721 5802 6705 6452 3531
9925 5173 5802 6705 6452 3531
9311 4451 5599 8719 6452 3531
9338 3444 6379 9270 6452 3531
3359 1834 6452 3531 8347 7559
9705 4825 8147 5721 6452 3531
8881 4543 7339 7722 6452 3531
9875 3266 6379 9270 6452 3531
9368 3179 7549 6276 6452 3531
9338 3444 7549 6276 6452 3531
8402 1618 8147 5721 6452 3531
8311 4469 7549 6276 6452 3531
7454 1289 9290 4870 6452 3531
7319 1007 9290 4870 6452 3531
7319 1007 8994 5487 6452 3531
7319 1007 9311 4451 6452 3531
9368 3179 8147 5721 6452 3531
9245 1276 9290 4870 6452 3531
9245 1276 8994 5487 6452 3531
9200 471 8994 5487 6452 3531
7941 6322 5802 6705 6452 3531
4054 2057 6452 3531 7941 6322
8725 3692 7941 6322 6452 3531
8994 5487 5599 8719 6452 3531
3359 1834 6452 3531 7458 4424
5863 1648 7861 2909 6452 3531
2459 6910 839 777 6452 3531
6318 7849 493 9260 6452 3531
7861 2909 8881 4543 6452 3531
7440 7365 2168 9229 6452 3531
7339 7722 2172 9805 6452 3531
5599 8719 493 9260 6452 3531
7440 7365 3121 9837 6452 3531
4054 2057 6452 3531 7549 6276
5877 1433 6452 3531 7339 7722
1276 1335 6452 3531 7440 7365
7319 1007 8147 5721 6452 3531
8970 1482 7549 6276 6452 3531
5863 1648 8994 5487 6452 3531
5304 1196 8994 5487 6452 3531
5863 1648 9311 4451 6452 3531
5863 1648 8461 3923 6452 3531
5304 1196 8093 2962 6452 3531
5304 1196 9311 4451 6452 3531
5877 1433 9368 3179 6452 3531
5863 1648 9368 3179 6452 3531
7319 1007 9705 4825 6452 3531
5304 1196 9875 3266 6452 3531
5877 1433 9875 3266 6452 3531
5863 1648 9875 3266 6452 3531
8093 2962 9925 5173 6452 3531
7319 1007 9368 3179 6452 3531
8093 2962 8994 5487 6452 3531
8093 2962 9290 4870 6452 3531
7454 1289 9338 3444 6452 3531
7319 1007 8402 1618 6452 3531
7454 1289 9775 6638 6452 3531
9245 1276 8620 6800 6452 3531
9200 471 8620 6800 6452 3531
7770 9035 3121 9837 6452 3531
5304 1196 9695 8060 6452 3531
6318 7849 5599 8719 6452 3531
7440 7365 6318 7849 6452 3531
6379 9270 2172 9805 6452 3531
7861 2909 8347 7559 6452 3531
8620 6800 3799 7683 6452 3531
8620 6800 4231 8171 6452 3531
5346 3403 6452 3531 8347 7559
8970 1482 8722 7260 6452 3531
627 1441 6452 3531 8620 6800
9368 3179 8722 7260 6452 3531
9368 3179 8347 7559 6452 3531
8093 2962 9775 6638 6452 3531
8725 3692 8620 6800 6452 3531
8725 3692 8347 7559 6452 3531
9338 3444 9097 7367 6452 3531
9311 4451 8347 7559 6452 3531
9875 3266 9775 6638 6452 3531
9705 4825 8347 7559 6452 3531
9245 1276 9097 7367 6452 3531
9200 471 9097 7367 6452 3531
9200 471 8722 7260 6452 3531
9290 4870 7339 7722 6452 3531
7454 1289 9695 8060 6452 3531
627 1441 6452 3531 9097 7367
7339 7722 6318 7849 6452 3531
8970 1482 8347 7559 6452 3531
8147 5721 6318 7849 6452 3531
9695 8060 7313 8511 6452 3531
9925 5173 7313 8511 6452 3531
9368 3179 7313 8511 6452 3531
839 777 6452 3531 8722 7260
839 777 6452 3531 8006 6662
627 1441 6452 3531 9695 8060
1276 1335 6452 3531 8722 7260
627 1441 6452 3531 8722 7260
8970 1482 8006 6662 6452 3531
7454 1289 7770 9035 6452 3531
3359 1834 6452 3531 7770 9035
8412 9137 3121 9837 6452 3531
2627 5498 627 1441 6452 3531
2132 5406 627 1441 6452 3531
7319 1007 8412 9137 6452 3531
7454 1289 8412 9137 6452 3531
3799 7683 839 777 6452 3531
8412 9137 5599 8719 6452 3531
7861 2909 8412 9137 6452 3531
7861 2909 6379 9270 6452 3531
7769 9914 3121 9837 6452 3531
8620 6800 2897 9538 6452 3531
8103 9193 3121 9837 6452 3531
8722 7260 3121 9837 6452 3531
8722 7260 2897 9538 6452 3531
8970 1482 5599 8719 6452 3531
5802 6705 996 5793 6452 3531
8402 1618 5599 8719 6452 3531
1276 1335 6452 3531 5346 3403
8311 4469 4231 8171 6452 3531
2897 9538 493 9260 6452 3531
4434 9630 627 1441 6452 3531
6379 9270 4434 9630 6452 3531
7313 8511 4231 8171 6452 3531
9097 7367 6379 9270 6452 3531
9775 6638 6379 9270 6452 3531
7861 2909 7770 9035 6452 3531
3121 9837 627 1441 6452 3531
4434 9630 2168 9229 6452 3531
4434 9630 493 9260 6452 3531
493 9260 3359 1834 6452 3531
7770 9035 4231 8171 6452 3531
1276 1335 5877 1433 6452 3531
9097 7367 4434 9630 6452 3531
9875 3266 9695 8060 6452 3531
9368 3179 9695 8060 6452 3531
8400 8924 6379 9270 6452 3531
7770 9035 6379 9270 6452 3531
8970 1482 7770 9035 6452 3531
8093 2962 8400 8924 6452 3531
8725 3692 7770 9035 6452 3531
9705 4825 7770 9035 6452 3531
9695 8060 6379 9270 6452 3531
8994 5487 6379 9270 6452 3531
9200 471 7770 9035 6452 3531
8970 1482 8103 9193 6452 3531
8400 8924 4434 9630 6452 3531
2459 6910 57 3286 6452 3531
2459 6910 85 3849 6452 3531
5802 6705 1014 4914 6452 3531
996 5793 1 3025 6452 3531
5802 6705 189 4036 6452 3531
5802 6705 85 3849 6452 3531
620 3728 6452 3531 5802 6705
57 3286 6452 3531 5802 6705
5802 6705 624 4875 6452 3531
636 5934 627 1441 6452 3531
1823 6965 57 3286 6452 3531
1585 7248 1 3025 6452 3531
5599 8719 3799 7683 6452 3531
1823 6965 636 5934 6452 3531
1823 6965 1 5823 6452 3531
2459 6910 1 5823 6452 3531
3799 7683 2459 6910 6452 3531
839 777 3359 1834 6452 3531
4434 9630 1276 1335 6452 3531
839 777 6452 3531 3146 2041
7861 2909 7769 9914 6452 3531
5346 3403 6452 3531 9290 4870
5346 3403 6452 3531 9925 5173
7769 9914 4434 9630 6452 3531
5863 1648 8402 1618 6452 3531
5877 1433 8970 1482 6452 3531
5304 1196 9245 1276 6452 3531
5800 3987 6452 3531 9695 8060
7861 2909 9695 8060 6452 3531
8093 2962 9695 8060 6452 3531
8725 9867 4434 9630 6452 3531
8725 9867 6379 9270 6452 3531
7769 9914 6379 9270 6452 3531
8970 1482 7769 9914 6452 3531
8103 9193 4231 8171 6452 3531
8877 9184 4231 8171 6452 3531
7769 9914 4231 8171 6452 3531
839 777 6452 3531 7770 9035
8093 2962 9670 9937 6452 3531
8402 1618 9670 9937 6452 3531
9368 3179 7769 9914 6452 3531
9200 471 8877 9184 6452 3531
9200 471 8103 9193 6452 3531
8725 3692 7769 9914 6452 3531
